520.8366 1083.067
528.7387 965.2042
525.0544 1002.667
561.529 839.7875
530.3838 926.022
531.8367 874.3317
534.3317 752.756
776.1908 760.7474
537.4742 663.9628
539.6437 612.6476
546.8297 428.0588
519.8317 1100.814
518.8428 1113.603
518.0256 1117.794
518.3661 1115.056
518.1057 1128.915
517.3177 1147.036
516.2528 1167.815
513.809 1209.83
527.3881 984.4841
557.1328 981.6741
893.4919 626.9717
676.8625 787.6418
711.1052 792.131
743.2018 791.5511
786.0909 775.6616
648.366 776.5189
727.2323 706.7383
691.407 705.8628
759.2701 713.3143
780.142 725.3838
810.3589 799.2317
634.6245 1282.136
787.6362 753.8145
898.6496 786.8401
847.35 776.0762
695.9482 937.2264
562.4866 1078.578
554.1271 1113.604
603.5125 1089.391
628.7723 1102.527
584.0352 1115.075
607.2146 1117.38
664.9747 1154.625
557.1667 965.1204
563.1182 927.4738
836.8286 682.6991
631.7936 842.8701
634.0876 955.8091
636.4644 936.0306
795.4811 938.0829
562.7356 879.8973
763.6388 640.7513
808.2297 655.3105
869.7979 558.293
612.28 661.123
658.6393 713.5074
693.1152 1123.281
841.2703 1125.259
608.1971 975.0569
578.8282 985.8938
656.0146 1119.816
640.811 1116.963
828.3508 629.7229
633.4617 971.1853
700.0333 639.5524
708.5495 606.5322
745.5537 460.2457
848.9126 591.8007
723.8334 529.9512
856.7871 666.1306
875.0341 647.9645
558.9041 1099.603
592.4788 1105.454
617.7755 1110.706
598.7898 980.9865
648.1598 1118.596
633.77 1122.557
637.1599 1115.399
592.1584 963.4792
600.4253 1114.527
576.985 1115.832
549.1209 1117.297
557.0259 1209.969
556.0295 1166.63
555.4163 1144.69
553.8745 1127.023
551.4224 1115.382
605.0373 1115.118
609.5426 1119.326
615.8393 1128.903
621.2123 1141.994
661.0983 1064.24
883.3892 949.3229
526.2535 991.5259
620.0836 1116.114
626.3585 1117.56
566.5363 1002.605
619.9106 992.4242
572.2769 994.674
666.5591 866.2092
720.4227 892.7291
640.5206 952
824.1465 501.504
801.9369 550.9734
777.8839 608.1831
636.5511 1176.757
626.5132 610.0266
640.1478 522.7786
655.8417 437.7365
770.5747 786.9464
843.1915 826.5062
630.5167 765.9663
816.2914 732.5846
608.9274 816.9678
615.0901 942.1771
874.3322 853.2679
820.803 850.6002
778.6301 861.6398
715.665 853.2445
668.7809 835.9893
633.6559 816.4154
566.8252 764.6366
866.1512 929.417
843.9396 725.8553
544.3045 983.1218
627.4968 878.7192
901.4647 786.5509
608.2237 794.5032
642.4211 954.1453
797.0537 757.4355
616.9193 917.8293
868.0071 1036.26
631.3186 752.0461
590.977 894.8043
776.842 1204.868
768.233 1246.422
889.0555 941.521
818.3014 1158.974
887.4105 712.0208
639.3588 1321.906
539.563 990.4468
656.358 907.1497
872.9195 784.1349
743.0731 769.3766
713.4416 771.4392
641.3416 1130.399
855.9017 1002.396
575.6312 1371.036
675.1063 1324.54
718.2067 1292.369
543.4491 518.9293
505.6942 1375.433
684.2676 767.7876
657.0342 760.5334
639.7255 756.0824
866.0716 718.5933
662.5829 729.9575
692.8437 723.3623
722.6835 723.3947
752.0501 730.7808
769.792 740.6099
902.8019 698.6661
762.9457 765.2029
523.3926 1027.505
632.3859 1043.398
609.7419 969.8324
568.9011 1031.192
535.5877 707.9833
730.5875 1250.562
686.4179 1286.512
579.9901 1345.088
806.8546 1195.185
641.0229 742.1816
587.1703 824.8568
507.6405 1348.929
629.4844 1352.413
873.6123 1021.356
580.8145 1114.657
585.2906 1123.215
589.1069 1137.236
591.8297 1157.137
601.0031 1196.479
627.595 1117.777
637.7736 1115.797
647.6758 1111.418
683.8787 1091.504
815.4471 1018.131
587.3548 788.2687
606.7128 724.0922
626.7734 733.5564
620.1876 1113.275
811.848 1105.539
579.1122 717.9066
618.9091 1239.357
532.5295 832.4403
564.6511 803.8555
533.4007 793.8536
608.0728 884.9965
509.7913 1308.521
511.9261 1256.938
567.0031 1256.442
697.1049 1175.223
668.6938 983.804
660.6173 1212.657
747.5454 981.6595
698.8314 1020.295
771.9869 1041.345
577.0821 1305.885
626.2759 907.174
724.142 1207.218
678.8488 1247.121
727.548 1132.038
843.1984 1063.883
768.3892 1141.436
852.9528 1093.969
722.1371 1067.496
606.8478 851.2283
603.4998 958.0953
623.6833 967.5773
591.0989 933.2197
636.7969 697.2367
693.5508 683.2539
740.7273 682.98
778.9865 689.4298
804.8762 705.1929
818.7579 766.0536
898.3638 864.0377
792.2547 813.8159
758.1832 822.1046
714.1366 820.2244
671.7344 809.8027
638.7051 795.4524
616.381 781.3333
892.2877 867.8346
621.3602 976.4283
586.6364 858.5483
580.5958 959.5938
560.109 976.5332
579.3792 965.0073
610.6244 986.5869
554.55 980.4264
549.9203 987.5424
619.1747 754.1708
599.5395 760.0668
589.7359 764.3082
779.837 747.8721
796.3448 737.7627
502.4008 836.9802
282.2594 736.8267
495.4692 979.0082
165.3073 590.6727
380.7662 773.0625
346.0191 774.5914
313.2614 770.9548
270.0041 750.9867
410.4139 764.6489
337.8676 687.1545
373.8259 689.8468
304.6127 690.778
281.7779 700.8596
242.7754 772.3973
383.2478 1273.141
270.6374 728.604
145.5272 751.2109
205.3605 745.6914
351.8038 921.7069
478.1927 1075.305
481.8513 1110.974
433.5711 1083.11
404.738 1094.117
449.9771 1110.098
424.4758 1110.412
361.0335 1142.737
499.7877 962.4873
496.8418 924.6998
227.2221 652.6563
424.6118 832.9043
417.614 946.2078
415.8641 926.2327
248.3211 913.219
499.7587 877.0707
309.0354 616.9952
260.7693 627.6626
199.0435 524.1675
461.7673 652.7855
405.9049 700.5894
334.6181 1109.007
168.8657 1097.244
441.9823 967.7654
471.0685 981.0753
372.7346 1108.689
387.6941 1106.858
241.5691 600.0499
415.636 961.5531
374.6427 622.1738
369.2451 588.2755
341.4656 438.9503
220.9213 559.9043
359.2059 510.553
206.8734 633.8539
186.2768 613.709
479.2615 1096.666
442.8277 1100.068
414.9717 1103.199
450.7546 974.5643
380.6232 1107.966
396.1953 1113.192
390.8834 1105.479
461.604 957.8479
430.6523 1107.952
456.2028 1111.201
485.4099 1114.81
469.8127 1206.541
475.6136 1163.493
478.4291 1141.777
481.4151 1124.329
484.3431 1112.778
426.9475 1108.229
422.2779 1111.875
415.377 1120.849
408.7632 1133.472
375.6778 1052.633
140.069 915.7847
409.9433 1107.847
403.9031 1108.726
482.3186 998.9344
426.572 983.8142
477.0431 990.4617
387.1021 853.1188
329.9561 874.6639
409.3742 941.7885
254.5531 471.9948
275.3634 523.5588
297.0478 583.0986
389.1298 1167.224
452.6009 600.3906
445.7517 512.3149
436.1223 426.2667
285.542 763.8027
205.9875 796.84
429.3119 755.775
243.0937 704.8737
450.2737 809.2319
439.7822 934.4487
170.0362 820.7386
228.3141 823.2229
271.8174 838.1072
337.1559 835.3895
386.1303 822.5266
423.5373 806.1392
499.9209 761.2
172.22 898.2729
214.5275 695.5194
510.2403 981.6924
427.1211 869.4587
137.1895 749.6184
451.5571 786.5808
405.8336 943.8082
260.4362 731.4457
438.8084 909.9771
148.3632 1004.978
429.2305 741.7698
468.7054 889.3131
236.538 1184.148
238.1991 1226.512
141.8556 908.1415
195.7783 1133.844
165.699 676.9445
374.19 1312.896
513.1584 989.2347
394.7892 895.2528
176.644 751.3495
315.8944 748.7192
345.5864 753.5211
387.7693 1120.451
175.4253 972.79
435.1345 1366.452
332.885 1312.88
288.6155 1277.121
374.9812 752.5612
402.9049 747.8446
420.5639 745.0365
190.5328 686.0269
399.6785 716.4003
369.8606 706.8428
339.9546 704.0491
309.6856 708.6422
290.6229 716.9579
146.4775 661.4967
295.8572 742.4733
408.4074 1034.036
441.5661 962.5048
476.0976 1027.47
282.152 1234.198
326.2764 1274.028
434.5361 1339.938
200.1536 1171.011
420.4263 730.9871
474.5917 819.437
380.1356 1343.944
149.9879 989.9363
453.4234 1109.731
448.4863 1117.832
443.5862 1131.445
438.9755 1150.956
425.112 1189.675
402.0259 1108.914
392.4985 1106.223
382.9785 1101.103
348.1542 1077.97
218.49 992.422
475.6718 782.6395
458.4896 716.1359
436.2305 723.6031
409.0171 1104.788
211.1698 1080.764
489.5693 713.0977
402.6638 1231.551
500.539 800.782
448.5495 877.662
455.8915 1252.44
325.7359 1160.766
375.63 970.8945
360.7691 1201.472
294.4686 961.6476
340.6889 1004.862
262.4276 1019.652
441.6356 1301.021
427.0221 898.194
294.4215 1191.022
338.4837 1234.799
298.4454 1114.828
181.6581 1035.924
254.1825 1120.88
164.5872 1065.139
311.0432 1050.179
451.3532 843.9042
450.6466 951.4755
427.5242 959.0585
466.7827 927.8496
430.9854 686.5333
375.0718 667.1095
327.4669 661.9453
287.4753 664.9484
258.579 678.2975
236.5827 738.4243
139.0446 828.9313
260.8153 788.7394
295.3829 800.2883
340.6642 802.4711
384.526 795.8611
419.1721 784.5327
443.042 772.5573
138.184 832.5374
428.1869 967.91
474.29 853.3113
475.5974 955.0316
493.8131 973.7001
475.2955 960.4689
437.4882 978.9329
499.8044 978.0214
502.6307 985.6708
441.7798 745.0157
462.3219 752.8331
473.3649 758.2698
279.4953 723.2167
263.3286 711.6975
