526.1891 1241.428
523.9911 1132.816
526.4954 1163.742
555.1019 1017.724
524.7281 1097.599
527.1591 1050.165
534.235 938.1042
745.0374 939.4829
538.0049 860.079
539.3277 814.9821
547.3793 646.7526
526.2294 1258.518
526.5253 1269.922
527.0837 1272.38
526.6224 1292.957
526.0526 1307.91
525.3885 1325.852
524.7784 1346.325
524.3628 1377.914
524.4259 1149.567
555.2957 1145.393
844.0922 814.5692
660.3096 962.141
688.3884 965.928
715.8666 965.96
754.7076 951.5725
637.1008 953.2949
702.7777 892.6107
672.33 892.3373
730.7182 898.1504
749.1776 908.5087
773.8568 971.6329
632.0952 1426.822
755.9037 933.8314
849.6755 956.8364
804.6787 951.6302
681.1473 1098.322
567.6482 1235.642
563.5257 1269.101
610.6947 1242.539
638.0999 1251.175
595.2399 1267.767
619.8117 1267.139
671.4373 1301.977
549.4031 1132.014
553.9681 1098.192
792.6389 872.4778
623.0423 1015.079
627.5511 1117.662
630.4197 1099.203
764.504 1094.035
554.6552 1054.485
727.3787 838.2196
766.5364 849.7839
821.7418 756.0614
600.6264 857.5371
645.443 899.3268
696.0406 1265.576
810.2542 1257.138
605.8196 1135.866
579.1924 1147.092
670.757 1265.795
656.9127 1264.877
782.7093 826.578
630.1682 1130.645
673.4555 837.8295
679.6438 808.592
713.1839 672.229
801.3773 789.5039
692.9401 737.0796
809.2095 856.5209
825.9949 837.0154
566.0716 1255.871
601.9098 1258.253
628.8431 1259.823
598.4822 1141.59
663.9758 1265.502
647.9922 1279.714
652.711 1263.936
586.0432 1127.727
614.5174 1263.882
589.597 1267.795
560.4637 1271.037
566.8582 1376.476
566.0374 1343.116
564.8834 1322.504
563.15 1304.155
560.8561 1291.474
617.0194 1280.234
621.5201 1284.861
628.046 1294.336
633.068 1306.007
660.924 1214.279
843.3398 1098.004
525.2966 1155.012
633.6165 1274.601
640.5669 1275.814
567.7764 1162.822
620.5386 1149.771
573.1569 1155.335
653.5398 1033.915
699.2346 1056.014
636.2654 1113
780.7555 707.4165
759.4301 754.8
738.5945 809.2592
643.3412 1330.846
611.0563 812.2679
623.0072 730.9156
637.6522 653.6913
740.2583 961.6212
800.9356 994.2915
622.6785 944.7131
778.5787 915.0148
602.1898 993.4968
606.3654 1107.307
828.0654 1017.007
782.0111 1015.238
746.6951 1025.772
693.7601 1020.297
654.2593 1006.433
624.5833 990.604
562.6536 948.348
823.9198 1083.359
800.5569 909.0416
539.8184 1148.209
621.0369 1047.585
855.4827 952.7618
602.5289 972.3845
639.7458 1113.716
764.4149 936.1263
609.3774 1084.542
831.7483 1175.826
624.4385 933.0809
582.1525 1066.428
753.2467 1338.773
746.3981 1374.657
844.8424 1093.735
788.9453 1293.633
838.3623 891.7793
634.5853 1460.843
537.6913 1153.797
647.6069 1071.429
826.3985 957.6169
715.0548 946.0397
689.8789 947.1161
654.9983 1285.417
818.8081 1149.539
580.4076 1505.439
666.4261 1455.874
703.4318 1421.761
543.2514 728.7474
521.5271 1510.176
666.0925 944.267
644.2267 938.6063
630.6579 935.5027
819.1945 901.2255
649.9232 916.4619
674.6953 911.5776
699.1663 911.7623
724.0551 917.2728
739.8037 924.6462
853.9645 876.1512
732.6231 942.887
526.6398 1188.49
633.488 1196.815
605.4094 1131.556
571.1735 1190.45
536.7435 898.09
713.7116 1385.037
675.5846 1423.028
582.6282 1485.774
780.3821 1323.839
632.3616 925.7125
580.6528 1002.69
521.0588 1490.737
626.858 1485.717
834.4601 1165.588
591.1919 1286.519
595.6335 1295.693
599.7573 1310.124
602.6461 1328.775
609.6968 1357.618
642.7941 1264.851
651.688 1261.999
659.9144 1256.881
684.6828 1237.047
784.9926 1166.263
581.9019 968.9723
601.2961 910.0396
619.5179 917.0071
635.7548 1260.669
784.4763 1246.252
575.0179 906.2867
621.6359 1390.354
529.6241 1011.706
559.1997 984.6472
531.8486 976.2854
601.6464 1055.225
521.4992 1458.007
523.0322 1415.449
573.6813 1412.808
691.5963 1317.428
662.5626 1140.408
659.3261 1358.466
725.9529 1137.522
688.3291 1173.44
749.0151 1189.905
580.666 1453.63
621.138 1072.951
710.2601 1346.035
671.3122 1388.441
717.6207 1272.913
810.2726 1206.093
748.5677 1281.356
818.1199 1232.407
711.356 1213.261
600.4189 1024.931
595.731 1122.584
618.0349 1128.975
581.3251 1101.599
625.0279 886.5627
671.7273 873.7334
711.6857 872.696
745.0092 878.1891
768.0956 891.4907
781.294 943.5938
850.5709 1025.045
758.3279 984.4828
728.8571 992.3407
691.6918 991.1676
656.4099 982.7086
629.1528 971.0378
610.3879 959.5946
849.6371 1024.912
618.376 1136.271
579.0186 1033.451
572.1377 1126.013
555.8765 1141.61
572.9947 1130.377
610.6243 1145.634
549.6754 1145.509
547.967 1151.086
613.5411 934.9017
596.0258 941.3292
586.1835 946.3582
748.8968 930.027
763.208 919.2664
504.5964 1015.804
336.5771 922.1633
497.5553 1142.947
259.0624 793.9814
417.3474 952.5579
389.6248 954.1107
363.0324 951.933
327.4851 933.9565
440.5192 945.3358
378.933 877.6687
409.0464 880.0715
350.8931 880.9163
332.6427 890.0925
308.0901 953.6563
417.0232 1417.358
326.7238 915.3623
244.96 934.1613
281.5592 931.1669
385.2547 1087.46
486.1817 1232.647
491.0162 1266.582
445.9545 1236.53
421.8894 1243.498
461.9298 1262.991
440.1686 1260.808
390.1329 1291.234
499.3967 1130.144
496.4619 1096.128
292.5622 849.7234
446.9106 1008.294
430.8692 1110.558
430.3229 1092.041
307.1474 1077.278
500.2621 1052.548
354.185 819.3004
316.7591 828.2615
279.6854 736.7323
477.1208 850.8826
435.3596 889.5453
368.5605 1253.348
272.3006 1234.188
451.7343 1130.028
476.6922 1143.188
394.2854 1255.494
408.0425 1255.772
303.0954 804.0885
429.396 1123.344
406.5136 824.1156
401.9296 794.4672
383.8103 660.3712
291.8669 768.8967
395.8735 724.4512
279.193 833.2937
269.2773 815.538
487.7566 1253.121
454.647 1253.115
431.0778 1252.843
459.0882 1136.21
401.032 1255.78
414.4866 1271.032
412.4232 1255.195
468.0938 1123.022
446.6026 1258.082
468.4526 1263.43
495.2333 1268.667
482.6826 1373.104
484.8298 1340.048
487.1936 1319.615
490.3121 1301.385
493.7831 1288.788
442.9233 1273.731
437.9437 1277.933
430.9424 1286.945
425.2084 1298.199
400.0037 1205.169
250.5974 1074.998
428.9179 1267.035
421.8266 1267.79
486.771 1159.875
439.1442 1142.992
481.8799 1151.904
416.6353 1025.18
371.1407 1043.931
425.2834 1105.392
318.5663 690.8842
331.6937 736.7335
345.2756 789.8038
414.0257 1321.941
468.8448 804.9856
464.4598 724.5205
458.1477 647.2795
340.2615 945.4272
281.353 974.9337
454.9235 937.5223
305.6921 894.808
467.602 988.1536
449.461 1101.413
256.2685 995.5753
296.5595 997.4514
328.5965 1010.629
379.736 1008.62
418.7325 997.5319
448.4434 983.6938
506.3544 945.9817
255.5115 1062.123
286.2362 887.5294
509.6138 1147.089
445.4904 1041.074
246.0174 930.2289
470.4125 966.964
423.5724 1106.065
318.8783 917.0757
449.4267 1078.822
257.167 1152.302
454.5239 925.4227
474.5724 1062.422
312.9249 1318.984
321.3061 1354.153
241.5293 1070.389
283.1903 1271.607
257.6769 870.097
413.2784 1450.457
513.3791 1152.859
419.1323 1063.117
262.5148 935.9641
364.7023 931.7513
389.195 935.1252
407.3199 1276.125
257.8765 1127.775
463.8707 1499.807
387.2242 1441.689
356.5246 1404.324
412.7742 934.1975
434.8414 930.0386
448.2617 927.7168
270.7699 879.1741
430.9666 906.1533
407.1979 899.1383
382.6325 897.0537
357.6744 900.6447
342.0956 907.1387
249.0024 854.5792
348.0226 926.8794
425.3194 1189.409
451.3298 1125.831
483.4401 1187.333
346.2118 1368.126
378.7463 1408.78
460.5208 1480.139
294.5778 1301.664
447.1439 917.262
484.2213 998.9602
421.0563 1475.43
248.3062 1141.869
465.8125 1281.595
460.552 1290.543
455.3419 1304.547
451.2403 1322.988
443.4427 1350.885
420.5656 1256.859
411.5388 1253.326
403.4687 1247.595
378.6482 1226.009
286.2086 1147.3
487.5772 965.0833
476.6402 904.0258
459.6342 909.4944
428.2513 1253.353
285.903 1226.121
499.8691 902.7379
429.941 1382.217
504.9163 982.5607
460.6924 1049.993
473.5699 1408.599
369.0253 1304.686
401.0132 1130.917
396.8465 1347.754
340.7975 1123.237
375.4455 1162.111
317.856 1173.593
463.5888 1448.587
442.5577 1066.625
349.7463 1330.851
383.6679 1375.743
346.2771 1258.644
264.6644 1184.326
316.9748 1263.897
260.2398 1209.054
353.5399 1200.273
465.493 1019.73
458.619 1117.302
439.2085 1122.356
471.6057 1097.402
454.4911 878.0907
408.7724 860.874
369.1443 856.4961
336.7023 859.5522
314.861 871.3395
303.2008 924.1254
239.9019 1001.866
321.4077 967.7236
348.6562 977.9587
384.4997 979.4817
419.3775 973.4126
446.5997 963.6779
465.1518 953.4474
248.5735 1002.138
439.8698 1129.682
481.7728 1029.761
479.139 1122.27
495.8103 1138.979
479.5931 1126.464
447.8735 1139.489
500.7049 1143.318
504.0459 1149.222
464.3151 928.2378
479.8696 936.2068
487.5266 942.1672
333.222 911.8732
319.6682 899.9346
