520.0658 956.7628
516.9283 869.433
519.0792 901.005
540.9326 789.0072
516.9824 842.364
518.1254 809.4592
521.9109 733.6743
707.8085 749.515
524.4599 665.2874
525.1259 627.4552
529.0561 511.0558
520.238 969.4113
520.5119 980.8199
520.6893 986.826
520.3334 1008.531
520.0488 1019.467
519.8527 1033.47
519.7825 1048.539
520.2061 1074.827
517.4706 884.3533
539.7788 885.8774
797.8784 656.6932
635.2162 767.431
660.2077 770.9764
683.9487 770.2545
716.2966 758.8628
614.0985 758.8301
669.2566 698.1045
642.7916 698.603
693.9457 703.6023
710.5109 714.6101
734.3049 774.8363
612.6841 1115.237
716.324 743.7521
805.0119 768.7725
761.8602 757.0828
647.2292 865.2479
550.6373 954.4042
546.0701 982.0863
581.7748 967.0511
600.9664 981.5488
568.0583 986.8008
584.8917 992.8279
631.1194 1029.725
537.3901 869.8104
540.9022 844.1865
749.0839 683.0515
599.2041 800.4885
596.188 871.4554
598.9233 859.3069
722.7325 869.1267
540.9564 813.7092
692.468 647.6244
726.0751 660.3483
776.0744 605.6816
581.8825 661.9741
619.0342 706.5951
649.1727 1005.538
771.5803 1011.394
577.1826 884.8837
556.441 892.004
621.0681 1005.302
608.7263 1003.009
740.5849 643.4089
596.5306 884.2267
646.116 645.3876
650.9579 622.9979
677.1507 532.7802
758.3588 623.683
661.1342 576.7102
764.5004 672.7621
781.0597 666.1127
548.8957 969.7966
574.3146 978.5995
592.9672 987.3612
570.686 889.6676
614.6275 1004.569
605.3474 1010.176
605.9741 1001.374
564.4392 872.9637
579.837 991.7924
563.0205 988.8865
543.0038 987.2888
552.8973 1073.565
550.4654 1046.669
549.0663 1031.233
547.0032 1017.299
544.7358 1008.195
582.963 1005.947
587.0393 1009.501
593.1149 1016.679
598.6014 1025.755
622.711 954.9197
801.3575 887.2714
518.1543 891.4192
593.6652 1005.24
598.9476 1006.679
548.8521 902.7997
588.11 900.365
552.3116 897.6418
625.8765 817.3287
666.2663 835.9811
602.7337 872.0292
738.4155 563.3523
720.9355 592.8605
702.4024 626.2225
611.5916 1046.775
590.1153 625.4827
598.3128 572.3777
609.4418 517.1246
704.5273 767.0437
759.3947 793.5161
600.5597 750.3347
736.9997 723.1868
581.2328 781.6183
581.2394 858.8397
784.3405 813.1523
742.5115 809.7369
710.7669 816.4141
663.7446 810.2959
628.681 798.2527
601.8538 784.052
546.6353 742.3448
778.8192 866.6646
757.1337 717.9645
529.4398 883.8488
595.096 823.2593
811.3583 772.4094
582.0718 767.7092
605.5594 875.4756
724.634 744.3958
583.5229 843.9347
791.0043 948.2937
600.7248 740.9833
562.8611 825.7308
718.808 1064.061
717.6723 1095.633
800.9089 878.1545
749.1299 1032.126
793.7812 714.4106
618.147 1143.445
527.3152 890.8359
617.2474 844.0096
782.3745 763.5774
682.9889 755.9391
661.3026 757.1268
612.1471 1015.267
772.313 918.328
573.1283 1181.198
648.712 1147.702
680.988 1126.235
526.9269 570.4937
520.3566 1185.027
640.0811 754.3936
620.4115 748.6573
607.5028 744.601
774.7205 714.0851
622.7507 727.1633
644.4971 723.0411
665.4715 722.9557
687.0182 727.6567
700.9861 734.2465
808.7459 709.2396
697.7119 752.8624
519.5009 919.0535
600.6517 937.2827
577.8797 880.0336
552.9577 923.35
523.5854 701.4084
685.9396 1095.118
653.5554 1119.085
573.6375 1160.616
746.1147 1060.683
607.4127 734.8163
562.2531 782.7694
519.752 1165.035
613.8989 1166.931
791.0156 934.8271
565.8569 1006.716
569.8423 1013.379
573.9854 1024.224
577.3966 1038.379
585.8945 1062.546
599.0392 998.3633
607.0859 996.7335
614.753 993.459
639.988 978.3778
739.0412 926.9395
563.6684 760.1234
580.7884 716.4374
596.1981 724.3032
593.6047 994.9722
739.4961 991.5602
557.6121 709.3342
600.4311 1087.998
519.3664 783.6016
544.0092 766.8998
520.5725 759.6189
578.627 823.8676
519.6522 1136.645
519.9366 1103.699
561.173 1101.638
656.1259 1041.892
626.363 897.4882
631.338 1068.369
685.6154 897.8848
649.6477 924.6007
704.6526 942.0875
569.4631 1132.881
593.3461 841.1086
678.0986 1063.983
646.0731 1091.16
675.549 1010.238
764.1046 962.5005
707.622 1017.26
775.9837 986.4421
667.5342 960.9329
578.4398 802.6777
572.4776 869.0452
588.2352 878.8347
562.1716 849.9133
602.4809 692.3379
643.4207 679.0081
677.9478 678.4398
706.7141 685.3018
726.9662 699.8168
740.4338 750.134
806.1649 823.3251
721.2473 784.913
695.7058 790.1664
663.0234 789.116
631.4656 781.7219
606.6858 771.0172
589.5568 760.2424
806.5842 829.9321
587.0867 886.7136
560.8622 803.3613
554.6801 867.6365
541.1129 880.9557
554.6583 872.8217
580.1426 894.8257
536.8759 882.6758
534.6897 889.4999
591.196 740.6178
576.1846 743.9309
567.377 745.3287
709.3404 739.3448
723.1112 726.9058
498.1924 787.4807
344.654 734.543
497.7306 884.4796
268.5768 637.6425
415.1883 759.0055
390.343 760.7903
367.1884 758.2476
336.9184 743.7599
436.1973 751.8236
384.1769 685.1018
410.6579 688.0302
359.284 688.4586
342.6129 698.4883
319.3671 759.4337
429.4661 1108.728
337.0359 727.842
257.9715 749.1296
294.7041 739.4642
398.6629 857.1543
489.7642 953.0178
495.2779 981.0317
459.9204 964.3379
442.6936 977.9368
474.4242 984.7104
458.9966 990.1162
414.6334 1023.232
497.0333 868.4729
493.6931 842.7721
305.6276 662.9772
447.6053 795.1016
444.2884 866.879
442.7661 854.6554
326.818 855.6191
495.6478 812.3157
359.8537 630.6498
327.3397 641.2241
288.6342 587.6122
468.2484 655.8406
433.7864 698.2816
397.3806 998.1106
289.9362 993.3296
462.9634 881.5559
482.9542 889.9012
425.6129 1000.236
437.6483 998.8118
314.2211 623.2347
444.913 879.8522
405.3029 632.9526
401.013 609.9921
383.2975 521.6172
301.1649 604.7878
394.3324 565.0697
292.5163 651.9438
280.46 646.3162
491.8372 968.5253
467.6172 976.3196
450.7155 984.1848
469.6024 886.7679
431.8475 999.8909
440.1426 1005.74
440.386 997.2362
473.4366 869.9218
464.6424 989.439
480.1157 987.0923
498.9413 986.3015
487.8472 1071.421
489.5072 1044.75
491.2443 1029.427
493.7621 1015.74
496.5105 1006.797
461.0886 1002.739
456.7814 1005.917
450.6041 1012.514
445.0103 1021.097
420.7191 949.5066
264.4685 868.0111
451.6945 1001.633
446.3437 1002.713
490.0756 901.2689
453.6339 896.6451
486.6837 895.8673
421.5248 810.4819
381.564 826.3474
439.7422 867.2799
324.2016 547.7799
336.4597 576.1395
350.9431 608.6423
432.3367 1041.05
460.7495 618.6772
455.9871 566.3271
449.6418 511.2362
347.6113 753.1658
295.2554 776.9211
449.6731 744.0712
317.4832 705.6302
464.9154 777.23
457.3436 854.9247
272.604 794.9519
309.713 794.6337
339.4728 803.6432
385.4153 800.6071
420.0527 790.874
446.5094 778.2177
497.8571 740.3828
276.2006 849.0609
299.0309 699.1859
505.8317 883.0686
449.9549 818.5846
256.2694 752.6196
465.7847 763.0497
438.2572 870.7488
329.2747 728.0188
456.6963 840.0929
273.0113 929.2057
450.1903 734.4156
475.4151 822.8652
332.2918 1049.7
335.6508 1080.587
259.6449 858.6998
305.2713 1015.708
269.0211 694.96
424.2351 1136.172
509.268 890.1917
428.4378 838.0333
276.4313 744.8362
367.9843 743.5244
389.3819 746.6235
433.4897 1010.311
282.36 901.1539
468.1739 1177.178
397.3754 1137.607
368.3455 1113.721
410.6695 745.4629
430.4872 741.114
443.4201 737.8379
283.7779 694.6096
429.6281 718.2112
408.8597 712.2428
387.6953 710.1212
365.9767 713.1826
351.9909 719.0656
258.4136 689.6768
353.9688 739.0382
441.2126 933.0842
461.7051 876.4685
486.4923 921.6815
362.0938 1082.952
391.9503 1109.025
466.3474 1156.636
311.4222 1044.032
443.9189 727.5457
480.4416 779.9009
429.2318 1159.59
268.5304 915.7018
476.6863 1004.193
472.3347 1010.502
467.7487 1020.941
464.0927 1034.77
456.3105 1058.171
446.4886 994.7966
438.4387 992.657
430.903 988.9421
405.1421 971.8174
311.9405 912.4647
481.6208 756.8995
469.6095 711.1456
455.0561 717.8184
452.1977 991.8459
312.5047 976.6593
490.8524 706.1295
441.9689 1082.528
497.5991 765.274
463.4923 820.204
479.3322 1098.866
389.6589 1033.272
417.9388 891.2323
413.0572 1061.056
361.2749 887.1844
395.1887 916.8695
343.3925 930.1637
470.2591 1129.379
450.1566 836.8212
368.6143 1053.143
398.6496 1082.27
371.2193 1000.477
290.3997 945.7854
341.2375 1004.7
281.831 968.2728
378.5476 952.0608
465.5745 798.8906
465.3145 865.5565
451.6876 874.7532
474.2724 847.0804
449.0649 684.7773
408.812 667.5869
374.4057 664.0134
346.0416 668.8169
326.516 682.0206
314.4855 733.4235
255.514 803.4967
331.0851 770.5094
355.2249 777.907
387.1046 779.1042
418.3692 773.7605
442.919 764.6089
459.6399 754.9301
260.4651 810.5571
453.5408 882.7976
479.5365 800.6482
481.248 865.1326
495.4487 879.3016
482.2734 870.3362
460.7941 891.4419
498.9508 881.3278
502.3496 888.5201
459.1194 734.8313
473.1182 739.4137
480.5477 741.6014
343.685 723.6248
330.4621 710.1522
