590.7679273100307 1066.0970656295174
603.7961261918365 951.9728958118753
592.2416034945657 985.0966924567181
573.9800231675479 845.4383629974359
605.5486762551387 918.8858734052144
603.5924420845784 875.7096537942045
592.1679305196001 774.3831364628535
379.70937194301433 767.3955960102363
589.4519979660108 699.2220335954225
590.6853702410251 657.0422
586.815805573561 509.20323453809726
589.782876297695 1083.6148765456217
588.1276178983917 1096.52829172252
586.0914268814714 1100.8946341092358
585.5826499837669 1113.4592380210138
586.1449481309319 1128.992980867644
586.8452747635472 1147.8098580674466
586.244623332356 1168.5294212948306
582.3507899201973 1197.715110468589
601.0901611583897 968.4037995107144
568.1667920723116 964.7318156686019
283.3000718305127 645.8214877746742
461.84022112002 793.9598695190507
434.99335567207055 796.5183990607135
408.32417210492065 795.2371758984997
370.1316685122502 778.6698376000159
483.94861416635075 785.9963973608411
427.31988195894974 721.8723531268695
456.0776943663777 723.8364020844343
399.24571142215956 725.2908340844747
379.75985959938794 734.4689440978945
350.27030120237396 797.445588580787
472.92041986964387 1241.840279503922
369.14488401815055 760.5588516940687
269.51527316433106 779.2641005850711
319.76903951090424 775.1327651642506
442.8882816805294 922.9921849361479
553.3344720447278 1059.3673800422573
555.2087992019439 1095.4252821761102
512.2050169735709 1067.9764685595514
484.81383825175703 1078.992202486846
525.4204318858777 1095.1391394352286
501.02817661560965 1095.8099972832424
444.3424561952204 1128.770812245256
579.8558762915052 950.3415557902863
577.5457951558888 918.9883625542298
339.75825110086805 695.6832203673175
499.7755193559719 844.7809962900568
499.0801764834278 939.4381029689191
495.70378737779293 922.8050497596016
360.5875512906616 917.9649942573732
576.3410253299788 878.7764946991368
407.73175471210806 665.1993353060307
368.01898761249794 674.3963764361476
311.810841418063 591.664785281254
529.0109059893541 691.981860654468
480.1518557329703 732.565605273186
422.7803265897384 1094.09118244657
288.08491486931575 1069.5416584722218
518.014131049618 957.0240223853245
542.9875360812332 968.7151837405256
449.90758271299865 1096.4730215657262
463.80945640380963 1094.9659305974021
352.69370870830517 651.9077329932749
494.93065451109385 953.8211820788326
460.1585271238172 668.184141371942
456.5873380049642 640.9892658379756
428.10276566057075 520.8047450877901
333.4685292057799 620.5421366117961
445.83888432790656 578.53115987335
322.8661213673308 680.4349674644417
303.7835207398863 664.6509857189418
554.0629677560064 1080.3689516287154
519.8566054794225 1084.4715639759265
493.21840789880224 1087.991228488292
524.3526071193157 963.4566852795781
456.9368512656103 1096.1842676363347
471.98455640235875 1106.3513652978968
467.5570272921394 1093.2795380180617
540.875288551922 946.3858227967596
505.9365302300905 1093.504970626087
529.7829554299508 1096.5728995262318
556.8634075455857 1099.128600280342
542.8596918011457 1195.6925273685927
548.1041241926025 1164.6674734886196
550.5407494969836 1143.8245316041407
552.3847407233313 1124.516750964468
554.578895265987 1111.4823507199421
501.60369256122425 1103.397675895062
497.65222088041577 1108.265148876645
491.23790498354737 1118.1219503036086
484.9811192419733 1129.895799294958
462.04368854205774 1039.043194275088
260.00823078396786 914.7536675882238
595.639011066588 974.2628713289496
485.2755944566157 1100.0590537860528
479.3037497799826 1102.0296307148926
553.3277548028927 984.3525037313834
501.6975172616953 973.7843710345021
548.4958910712438 976.8494711470944
469.3873673495966 862.4382881924008
425.1606137367927 882.8238368895541
488.4153633014783 937.1278539347438
358.0811533452837 548.7849355661231
378.5390550671618 590.3111016378891
398.092295993505 637.9631159539899
470.9624522173196 1153.995981246553
522.6875978850906 649.3165635952378
514.0821610386533 578.454782609434
502.42276269466663 509.3794897625187
384.29139761544116 789.6350885494518
322.52592557116554 818.4697904676647
497.76944758469944 777.7900846712064
349.3138526391425 739.2437198873744
521.2780605258199 824.3673773164217
522.0687448953784 927.6575084072525
293.1714270720813 838.7141173862384
341.68003232137096 840.7497564287843
377.4983159531608 853.0334399767005
429.2774162408331 848.9747826360735
467.48248757629176 836.3858076315358
497.0554697831934 821.9444119782337
563.7587646319362 782.4982751536826
295.91433693562124 903.8811138308911
327.9677581984864 732.4428794132185
586.760767527557 966.7282868834986
502.20369393675384 875.0102904716239
257.33351175931534 776.4646889033659
519.1536786241613 804.8343816677659
482.2641032622816 938.7733378940952
360.46209054799937 761.8892522398864
518.5164073907079 907.4469093402656
268.7595401208371 989.874949830878
496.3011885306767 766.3661349401899
547.9561281870097 889.9160424816116
351.5465771510448 1153.2322086073934
351.15286010541917 1186.6497639596053
266.67429156999856 910.3481573738588
317.0836595734037 1106.857283071699
285.76733642507054 717.2157336174647
466.8974374809757 1273.5899381954055
584.0279335267699 972.7559979596681
475.60558312192387 898.1021184602943
296.6990841301385 780.0106828998735
409.16339396386843 775.9376640224417
433.6830601437831 778.3634581481822
464.2215916931767 1112.485699904889
298.6138230809755 967.3728152473705
516.4134773258775 1318.225159386348
430.0286639002629 1267.6301180204946
393.24613103730405 1233.8187084013657
589.1694404384951 582.0425556221007
574.0456787893556 1324.227411374545
456.6040227669417 776.707529434791
477.1938857880966 771.9099057458491
489.8435355897109 768.8639543489963
308.51462584400844 724.7211597912213
474.55639328432386 750.416125125266
452.1104046644737 744.9213141041682
428.7931247730437 743.5763344225034
404.0301210905216 747.086859775084
387.56161096303725 752.8976246058853
266.18336953446226 703.7724647720895
391.877330499485 771.6627132335741
590.8136478915537 1010.8915357512683
489.1109228592429 1020.7376748251495
519.5157596275957 951.6427980644096
549.679859115987 1012.8986693192473
589.0842831468436 736.6558144749747
388.5737476279339 1199.420216565584
425.95779866296584 1236.5332564564978
518.6559526727017 1299.4931458131182
317.1226629130914 1135.7598758911706
489.7913144515734 759.3431258436459
545.5875420418618 831.9485279569666
578.7566321679726 1305.9414758384314
470.21272135443314 1297.481442665247
274.45329098549666 979.9095664817094
526.1751465088354 1107.4759171495139
522.0865130834584 1116.8942565058487
517.762559508632 1131.9431886857985
513.5057783521568 1150.6995733517876
502.9640423754442 1177.9716965458401
478.7297506309114 1094.8070832963804
470.2545416019872 1091.8980016972573
462.37305007719857 1086.696731784486
437.5069042297245 1064.012902000495
336.71425712346087 985.9784037769102
542.7387814481137 801.2940452463632
521.3918202665757 744.9661395069223
502.94064037163156 751.0358471982933
485.14189967557496 1090.7268836505464
329.72420859575743 1062.8559278915461
550.488528358846 742.2570314278529
486.85132938000015 1208.4943142366913
599.4180013118884 840.8004570056858
568.720422810657 815.4784564304784
595.663063126062 808.7222237600339
523.8986515823947 880.965541066642
581.3466706084586 1274.7064388824501
581.7837246981817 1234.018681921419
533.1909805777768 1230.3040486669777
420.2763121817859 1140.67587345923
459.2042454127906 964.7385612389194
450.35308752632073 1179.0451126224707
399.11071652979587 959.9189600466855
434.03387351575225 996.7719690818169
373.3925643953653 1011.0273175537857
523.8290956266181 1268.9372354687655
502.94389064993885 898.5936746972916
397.2305388716266 1164.4775095245209
434.2228230280173 1205.154386533427
398.1406167976737 1097.3534272916634
304.01364044404386 1021.9986612764112
365.1344739573695 1100.6759470715278
288.3345362433172 1045.2734900598205
410.63707014840327 1038.359062885482
524.0063441369768 853.0654270359474
532.5472087877088 941.47678839806
508.0877810990895 949.7150881469415
548.8503880919612 921.5077242682432
500.72633410347066 719.8267045283689
457.8867992722271 703.9800542586303
419.8990632129173 700.4138235511707
386.8339819926405 703.9337056625787
362.448227278987 715.9825998436424
343.51470608323785 768.2416210874591
264.5239724474476 844.2374338819029
365.36719388417293 811.1562866493892
394.6483010990781 820.4710488614963
430.93549154800274 820.7319501134484
465.14423736201206 813.6610692275555
491.6270716395427 803.1814993409697
510.22949781838713 792.6699423951372
257.699688113417 845.0231840243544
506.35819966915903 958.3285286450855
548.4935075338185 859.8508179780863
557.1453150174399 944.1839380857471
570.7544469753723 960.4270538109124
554.724291048934 948.7121741600795
512.7124937599524 968.6479456363945
577.2140500833226 964.022660389109
574.7052686005194 970.1641757645034
506.96036789689356 768.3182159504175
525.1994129609806 775.5394577746749
536.5953220768546 780.4619833140092
377.52518492050126 757.3192371493949
364.1513731120181 744.4861160191772
621.758464229361 846.1257583726793
764.9650763938309 775.4306582534272
621.3825153718154 964.897843738026
823.1353072597796 662.784421132415
693.4695712087885 798.9185164994394
718.6405931614884 802.2825976964207
742.0469306785387 801.7603599944314
772.1631427332023 786.9788570377085
671.7893481581409 790.0676754459328
730.7894834185562 728.8161561719451
703.2206228159426 729.2944388673503
755.0727460229191 733.3644113581871
770.2389779752741 743.3119515858712
787.2420505417009 806.1308367629545
677.81276391725 1238.0882192141712
772.7728949436539 769.270429360378
831.4115992562961 790.7004534615099
808.5744938134662 785.2546022249738
718.268761323132 925.7535167854164
626.4171964698405 1059.3293002098205
618.8147955090396 1095.2784028224257
660.3529189060357 1067.6365788551734
679.1408276336174 1078.6201081241788
643.5338120918027 1094.6488887924859
660.83049313199 1095.2407581880739
704.0091403332963 1127.0404646593315
626.460100143497 950.8239728674989
631.8438611317273 919.6006862598122
805.7747040795484 706.6724072114278
665.8898763451506 847.2191935612194
682.3770214015968 941.2413462340797
682.890998744593 924.893130171389
785.2385789930744 922.7093061809036
627.7742960057532 879.5494064980811
756.511319201735 673.4367646587422
787.4041310866255 684.6139570755687
810.7090599204878 609.0030769872994
646.5258016162929 694.2535946581216
677.976794629159 736.7813691224948
723.3209939240165 1093.008409611112
791.8342604194908 1067.7240536702566
660.8705798977801 958.0913456887654
637.570634823989 969.1316683078621
697.843362384327 1095.4333333406823
685.8853718065086 1094.100974403482
798.317482216474 663.6304462096377
681.0961950632958 955.3206570806694
711.2821797589563 673.9794566707262
716.6880426396763 647.5307282534768
730.7201441480001 532.8301385722642
804.7630007850927 634.9680827330811
721.2930369454748 587.6006879645646
815.3855603490472 692.8483400416854
819.2254391413045 679.4072471867352
623.6564100756103 1080.3504557101035
651.377383703006 1084.154739770053
670.2478494995934 1087.5664751573408
652.9045811370014 964.1427750605667
691.8918861184196 1095.201807959467
682.0946805593018 1105.3715168095393
682.1763708874255 1092.4837783196551
650.7013258150854 947.2292366854724
654.1113011298958 1093.0791292999234
635.9229604074028 1096.1239927015633
613.2776213847043 1098.9107836388039
620.5268254361106 1194.6935301644958
622.7023450498043 1164.009453984113
621.4366866769373 1143.3560408656479
618.0980007996673 1124.065885748417
614.6017847671028 1110.9622890083776
657.921710732167 1102.5255389327401
662.9444741430652 1107.3590664636938
669.9479571544389 1117.1325274573815
674.7063645963424 1128.7442651620713
700.0130314970675 1039.531051328363
813.2897808964929 920.2330290773043
668.6627971117281 1099.1140211444947
675.3096162501794 1101.1692441008654
627.9576117022855 984.664975956407
668.7178351577318 974.5487964707888
632.6668315991384 977.1739113194553
692.1235226191206 865.8295692696939
731.7171128474628 886.887281409116
684.9189557231347 938.982668172976
782.7388982895316 564.8637640142044
774.3553471088735 602.9836346747451
764.6422154153047 647.4680597292381
682.7022659175485 1152.1065687605637
656.7713288965992 652.6136242871304
661.3652722561529 583.4676117514041
667.5067814604276 516.0789290828717
761.5804532498175 797.0976477118367
808.5844613336086 827.3741608856252
658.0320035093949 781.155689061485
792.0947160545165 749.1984408834609
648.4764019711206 826.4249938622596
669.0051597600982 929.1667753660016
827.1162481305743 847.536017767093
797.0121704482578 848.4734344421638
770.2968329291442 859.3094315603573
725.070510394232 853.6520740545154
690.5744399778562 840.1774709470209
664.1839136042532 824.8112793631126
616.8284420928314 783.456581336833
825.450372155467 910.16689737146
808.2007118081254 743.2135968186633
614.6236699743721 966.959377066629
666.8937789716688 877.2430742466706
822.7565414943675 788.0150636780724
644.6081374149793 807.061507867708
683.1993418133466 940.7317292765551
779.3131049536255 770.7775203287023
668.9776407370962 909.385281610816
805.8817465784691 991.5941998656353
657.6740395251499 769.6579732550626
649.4501853519911 891.2177199538199
765.3243404893991 1148.2970623235942
752.9598484379462 1179.9377038947875
829.0980511571521 916.3436637917389
789.5790006446578 1103.526276929177
824.3179751931998 730.8243777351365
678.888172666529 1268.8160328020954
606.474355517061 972.8201896772041
689.0160398721107 900.6945934525862
822.538989532998 790.6741239773679
741.3346863587967 782.9672010902606
719.4997500607209 784.6818815451254
688.3612171357978 1111.2978267319056
819.245157496369 970.7255812941419
628.8330199930547 1315.1184978566387
697.2931986095094 1260.9359010771616
723.5762491137507 1226.5711370929664
697.8819323535738 782.2467306605577
677.2017115954756 776.5008103444203
663.9171740978331 772.7372173054172
819.1244638285575 736.7515580536729
680.8214382037178 754.4839216256778
703.3111972381064 750.1841645459657
725.7353006506872 749.7459200743797
747.704581785465 754.4018867866571
760.9219468647564 760.9914385905498
825.5697657119556 718.7010646815394
755.4486948804648 779.2817261075134
679.7063760590895 1021.2459861884192
662.69766967693 952.9386003624707
630.0150378708136 1013.232683849478
737.2415025437895 1193.7700398281447
709.1558476903134 1230.683976595175
636.3229613244226 1296.6382463755765
773.8775561976987 1130.8327807719438
665.0474042078955 762.8960830095134
636.6640238614698 833.400348768497
667.8066738055822 1292.2238146004695
820.8098414735085 982.2794376535282
638.6999981931694 1106.6694950980254
643.9960016671023 1116.10959435861
649.3238578684468 1130.928524350642
652.3314487288122 1149.5678407317682
656.3167233040167 1176.0951224033586
676.1412541264101 1094.0652881605129
684.7685761801165 1091.1797072579793
692.5714109698682 1085.9812661327608
716.2280199165815 1063.8133636785265
797.7027462459513 988.5397621061254
632.0083252140772 802.8098401763874
639.8120267447109 747.1939185039919
654.2629807842369 754.0234820517572
668.7951917814459 1090.1937659964321
791.8650297207998 1062.1432910273732
621.5179436346201 743.645095719932
667.4729785660317 1205.702083323388
620.0951884768997 816.3447182186532
656.741426336172 882.7346212821309
627.7989981208887 1228.7577898710042
722.9324773236825 1138.2224442550928
702.3991691450749 966.3085383305247
697.7688226684793 1176.059871358474
755.2031905256525 962.656138402237
723.4676898182864 998.1933260273979
771.5949940850843 1012.5106902264777
635.8206849833327 1266.7627682371074
670.5806779982621 900.7568267787399
737.9008756697326 1160.7032541324356
707.6277835154361 1200.8176376164906
743.756793753405 1095.9962620636186
810.1519622186147 1022.9600138461567
767.3882672145417 1098.7797890152215
808.973627989604 1044.6605135571106
739.9216820359982 1038.9605066389395
651.1572315189909 854.8231921012266
660.4645117945868 942.5904602975521
674.4979134142336 951.1220835557178
651.8356729443369 922.5032398876604
662.448264988149 723.0149656990136
705.4661317558537 709.4613741390932
741.009875213286 707.9238193048196
768.8513258232728 712.9536211721044
786.518321905273 725.8892314513373
791.9683885709724 777.7702831583392
833.3619829259034 853.1607354165606
776.6233913117152 818.897154987126
753.4692753913123 826.9226428724469
722.0315001768959 826.1040352745786
690.699250664857 817.8748746854819
665.710460982587 806.5488445235884
648.7580927577542 795.2484910487095
817.1502447846966 853.5001899228536
671.7984489374013 959.5708015786927
640.3372717191723 861.13378193264
643.863823682605 944.7906042162247
626.2024614163374 960.5621828163023
641.4948041670161 949.230059881219
662.5832598805127 969.398662333004
622.4483899713931 964.0955560683451
615.1983191791047 970.2414234245894
648.9546262527364 771.275822136017
635.7123423730891 777.6993458704857
630.1730013965488 782.2724073475723
768.0569578049658 765.6878787247313
780.3434431770432 753.7488720601278
