629.4123 1468.28
606.635 1349.347
612.0825 1390.096
600.0626 1228.139
597.7383 1311.913
585.024 1263.072
553.9441 1155.937
754.9702 1121.907
531.6762 1076.88
519.7253 1029.09
477.1339 868.8098
633.2379 1485.585
635.7084 1499.362
636.1194 1505.411
635.1604 1504.405
638.8504 1517.53
643.2016 1534.966
647.9261 1554.914
656.6846 1594.08
610.1525 1368.97
633.0824 1362.364
807.7773 978.0227
681.7639 1169.621
710.9862 1166.21
736.5953 1157.936
766.3447 1133.341
655.0916 1164.947
698.5811 1075.965
669.2154 1083.871
726.8366 1074.926
747.4654 1082.636
791.4034 1149.682
774.4152 1630.362
761.6982 1112.474
854.7809 1122.644
813.6099 1119.267
734.6337 1298.892
662.2487 1455.222
664.2557 1492.189
698.5689 1458.758
722.3062 1468.353
688.7373 1488.671
707.9174 1487.884
765.0681 1511.413
629.8998 1343.271
625.1747 1307.046
780.7686 1026.882
657.8188 1226.381
689.5986 1324.254
686.5285 1306.687
815.4532 1279.277
612.0325 1264.168
711.1407 998.9327
750.7961 1004.738
772.0817 916.8027
593.238 1047.592
644.7704 1099.307
779.5301 1476.438
893.4708 1449.2
672.9235 1348.083
651.7613 1364.586
747.6853 1482.899
733.9693 1483.554
759.8705 977.14
692.7465 1340.596
659.378 1008.8
657.4988 972.3696
647.5955 847.8362
765.7709 945.2218
649.4131 904.7209
791.7224 1008.633
800.1795 994.7236
664.6426 1476.274
693.5354 1476.704
715.2676 1478.656
666.637 1356.31
740.7158 1483.586
730.3643 1488.874
730.3397 1482.761
657.328 1337.29
701.1566 1487.695
682.6935 1492.345
660.7932 1498.417
691.9107 1584.118
680.2625 1544.643
673.7249 1524.07
667.421 1507.559
661.9789 1497.23
704.709 1486.927
709.8039 1489.758
718.0024 1497.292
726.2632 1508.262
738.746 1424.626
881.4956 1280.142
610.6287 1377.505
716.8151 1485.762
722.6002 1485.818
646.252 1382.394
686.8287 1364.585
648.7966 1373.879
692.6978 1241.29
743.461 1253.791
693.652 1322.04
721.5494 870.7947
718.0866 914.6272
714.0884 966.1548
747.7957 1536.643
591.1804 1001.465
579.1595 927.5598
568.8072 851.4679
757.272 1147.388
824.3998 1167.539
637.2106 1157.968
778.1111 1082.59
632.1589 1206.188
670.9523 1313.112
855.3369 1186.206
813.6602 1194.213
783.0587 1213.319
729.8966 1219.726
687.0936 1214.239
652.664 1203.171
583.8424 1159.983
868.6765 1258.029
797.5983 1070.094
623.635 1364.125
663.6819 1258.864
854.0873 1126.808
625.7357 1186.846
695.3948 1325.413
770.1391 1112.809
666.041 1291.695
891.6648 1362.558
633.6051 1144.828
638.9764 1273.928
866.2961 1530.942
868.8709 1572.486
887.4249 1266.869
886.6293 1480.666
826.3455 1054.576
788.9471 1665.199
621.2135 1373.631
694.6488 1279.982
835.3868 1122.161
731.3577 1137.848
707.8337 1146.806
738.95 1494.616
878.4362 1327.623
751.6664 1725.934
817.4119 1661.707
842.2399 1624.066
498.5998 948.9044
694.6804 1747.284
682.7891 1149.953
658.3258 1148.892
642.3392 1147.612
812.5123 1060.048
653.2328 1118.983
676.168 1107
700.2343 1100.052
725.9565 1099.726
743.2425 1104.358
832.9827 1044.205
745.9915 1129.193
617.1511 1415.096
710.4105 1409.945
672.9683 1341.758
655.6175 1409.495
542.3943 1119.143
842.1024 1582.099
816.4998 1623.391
750.5267 1699.981
885.0936 1519.222
638.8431 1133.905
616.6835 1213.678
690.6472 1721.207
790.8406 1696.507
895.2482 1343.594
685.4244 1490.606
691.6749 1497.528
698.9825 1509.93
706.7878 1527.938
724.1864 1561.905
723.868 1486.043
732.2028 1481.562
739.4111 1475.09
763.9036 1447.186
850.8098 1349.415
606.8788 1180.549
605.5682 1117.278
624.4125 1125.663
716.2491 1483.82
869.0007 1431.971
580.976 1110.36
750.2607 1596.034
574.1407 1226.11
592.7668 1195.133
564.3184 1189.807
649.7966 1265.384
683.2769 1683.567
668.3807 1636.818
712.9133 1623.254
796.722 1521.839
724.4373 1347.788
777.0596 1563.157
787.5505 1328.655
758.1461 1375.338
822.0901 1379.61
735.0355 1664.938
670.3672 1283.942
826.4548 1543.941
800.5678 1589.415
810.0636 1475.449
883.2503 1387.316
844.4893 1474.161
897.2244 1414.405
788.8234 1415.786
639.5825 1236.25
665.3662 1329.673
684.0284 1336.917
649.2167 1307.525
622.8318 1081.339
665.2285 1057.416
703.7039 1046.839
736.6311 1045.463
761.8918 1056.534
789.0168 1115.991
874.8987 1193.645
781.3808 1166.984
756.3501 1182.139
720.4565 1190.638
683.0439 1190.521
651.7205 1183.834
629.2694 1174.407
867.5114 1203.775
684.1553 1347.122
625.4535 1243.223
647.3483 1333.888
634.5112 1355.512
647.35 1340.407
677.7969 1359.972
631.1982 1359.654
628.8593 1369.094
624.0623 1147.84
609.4071 1155.293
602.3807 1158.084
753.5157 1108.618
764.069 1092.294
550.2077 1235.783
338.8849 1223.787
581.924 1373.812
201.3977 1122.88
429.4368 1230.663
401.002 1241.47
372.9059 1246.266
331.8925 1239.613
451.915 1214.2
371.7638 1156.955
402.0681 1150.56
344.9309 1169.217
328.475 1185.752
314.7027 1265.607
567.8478 1684.371
327.2564 1218.934
227.136 1274.995
276.3222 1250.091
446.3798 1365.448
592.3885 1471.281
604.8729 1506.324
557.9203 1491.893
537.1146 1512.109
578.5227 1514.918
557.7793 1523.413
514.0035 1572.361
581.9421 1353.559
569.5883 1317.321
269.928 1153.048
482.7826 1266.345
508.4769 1360.978
501.3756 1341.71
358.0399 1389.809
559.0093 1273.43
328.3378 1094.674
291.3808 1118.815
212.6165 1050.091
464.6053 1087.188
431.4918 1153.135
483.5778 1546.219
338.3866 1588.134
534.4229 1376.007
562.0722 1384.12
515.4022 1537.945
527.1818 1532.44
268.072 1099.011
510.9846 1378.486
383.8466 1081.445
370.8271 1051.757
309.5721 930.7455
240.2076 1072.505
342.8542 987.9231
247.971 1142.065
225.2661 1133.714
598.8648 1491.867
569.9694 1506.026
547.9968 1518.311
543.5739 1382.551
521.757 1535.361
535.0093 1535.405
529.1868 1530.299
548.1796 1359.529
562.1989 1520.581
584.0015 1515.724
608.8262 1510.779
619.8834 1602.094
613.2079 1560.982
609.6516 1539.645
607.3752 1522.086
606.5957 1510.525
558.5221 1521.758
555.6846 1526.385
552.1516 1536.688
549.9659 1550.564
502.1705 1478.314
264.664 1432.066
544.839 1526.59
540.231 1529.016
575.7822 1398.142
525.8958 1398.125
569.3663 1391.469
456.6515 1296.457
415.1512 1331.951
500.0735 1360.718
245.427 985.2762
276.0154 1022.912
309.4934 1067.184
543.3955 1587.082
443.5554 1041.041
415.6599 967.4559
385.0878 894.6704
348.1212 1247.149
290.6525 1297.116
465.417 1200.049
297.0545 1200.744
498.1705 1236.698
523.8946 1342.656
266.9339 1329.416
316.3097 1314.785
356.4514 1316.142
409.9331 1296.272
447.1507 1271.276
474.3678 1245.132
527.4229 1176.513
289.811 1399.578
270.696 1199.057
595.3019 1370.459
494.9007 1293.871
218.561 1280.107
492.7578 1218.414
497.3743 1365.152
318.6464 1223.419
516.2269 1319.933
296.3387 1511.094
461.976 1187.629
536.1719 1292.754
420.4937 1640.444
430.5936 1684.026
265.7058 1420.024
373.6221 1606.419
224.5778 1199.861
568.6859 1723.29
599.2086 1378.592
474.804 1328.309
253.7599 1263.632
369.5686 1226.067
395.4158 1222.735
529.9623 1544.557
312.6941 1467.042
632.3395 1757.194
532.3671 1736.975
485.9609 1717.002
419.5734 1213.996
441.3995 1201.902
455.2709 1193.729
247.9779 1197.627
431.6855 1173.949
404.9134 1173.931
380.0313 1179.064
356.217 1190.72
342.0194 1202.907
203.7589 1195.091
351.461 1225.471
524.1317 1452.166
532.7347 1370.181
578.1677 1427.294
471.0177 1677.033
518.172 1701.431
627.2471 1731.749
384.0758 1636.034
452.213 1180.678
521.7859 1232.155
580.1886 1751.593
294.7411 1492.771
580.3803 1515.703
578.5067 1524.587
578.0231 1538.973
579.3793 1558.666
578.7311 1598.142
539.3848 1529.533
530.6995 1529.157
521.3932 1526.424
486.5763 1510.795
354.71 1470.776
512.4984 1204.136
479.2037 1152.853
462.9228 1167.232
543.8307 1524.313
374.0118 1553.531
504.96 1138.502
573.7238 1641.907
538.7827 1204.958
515.382 1286.271
622.0327 1646.96
490.6977 1597.328
479.4901 1397.179
531.282 1625.766
409.9176 1418.584
459.9499 1436.07
399.1223 1480.996
624.7733 1694.248
502.5391 1311.38
473.6162 1633.064
520.6707 1661.773
455.1973 1557.388
335.6598 1523.068
421.3801 1571.57
330.8898 1556.745
448.0522 1489.76
508.5307 1262.364
537.5114 1355.482
520.1725 1370.912
545.0936 1328.206
447.7961 1130.649
396.249 1125.924
355.632 1133.328
323.4476 1147.6
302.8918 1169.605
300.3992 1235.563
242.3746 1348.149
333.9109 1275.656
365.5658 1276.609
403.7323 1266.996
438.5156 1249.212
464.6238 1228.659
481.5048 1210.142
241.0306 1356.456
523.0866 1380.548
530.8314 1256.246
559.6398 1352.152
579.4362 1367.908
560.4995 1358.879
533.7662 1390.28
585.6704 1369.896
589.5964 1378.111
473.2015 1185.885
492.458 1185.919
503.4778 1185.756
333.8457 1211.441
315.819 1202.349
