665.5396 1117.702
680.0183 1011.509
668.2653 1045.066
693.6451 922.2314
681.7539 982.536
679.1501 946.134
668.4868 860.3363
803.5615 872.6042
666.5041 798.4852
668.3388 762.3867
667.1003 635.0487
664.487 1133.083
661.9312 1145.706
658.916 1151.912
658.1241 1171.117
658.603 1185.062
658.0425 1201.958
656.1101 1219.559
649.9675 1244.917
676.2963 1026.934
692.0275 1027.087
850.9247 783.6057
743.1998 888.9493
763.8092 893.1387
783.2573 894.0637
807.6003 883.4171
726.5909 879.9476
777.5623 828.1348
754.7242 827.028
797.3314 833.7823
808.8214 843.6578
819.5768 902.0404
725.4289 1279.152
809.9849 867.8851
852.9283 895.4388
837.4464 885.9004
762.6799 1001.668
692.3491 1113.395
682.7233 1146.148
715.7219 1124.88
727.0944 1140.244
699.2 1149.018
710.4028 1154.315
744.8358 1189.888
698.0706 1011.47
702.7742 984.5194
838.0435 819.511
723.2527 929.0728
738.438 1009.979
738.1846 996.0773
813.9813 1004.41
699.1655 950.5254
801.1736 788.0815
825.0551 799.4164
844.2163 734.4725
712.2014 798.2401
733.9441 832.479
760.2589 1162.251
810.2798 1143.213
720.9442 1024.533
702.8476 1033.539
737.6094 1165.912
726.1768 1163.434
834.1022 783.4071
735.3923 1023.816
765.0692 785.239
770.7438 763.2469
784.4414 662.2753
839.7288 757.3767
776.5991 710.3159
845.9026 809.002
848.8312 797.4233
688.5416 1131.948
707.2474 1139.328
719.3035 1147.783
714.3323 1030.209
731.9086 1165.489
725.972 1171.789
722.7533 1160.761
715.0541 1011.915
703.2623 1153.32
691.7545 1151.67
676.7339 1151.336
679.2031 1242.217
683.9426 1216.49
684.0892 1198.669
682.0382 1181.531
678.9885 1170.009
707.332 1166.445
711.6741 1171.111
717.7148 1179.761
722.3005 1189.698
745.4832 1105.547
830.4036 1013.523
672.3226 1033.974
714.0845 1165.041
719.9629 1167.656
695.5051 1046.831
724.8849 1042.098
699.1232 1040.487
742.7225 947.2529
773.6752 968.8691
738.2737 1009.793
824.4429 693.2549
817.4083 727.4335
808.8168 766.9939
728.3365 1208.809
721.9426 763.4364
728.1744 702.5686
733.6718 644.3811
799.0638 891.3411
836.3525 922.4265
716.4293 871.4854
825.7539 852.4661
710.4632 909.5203
729.7484 997.0544
850.4001 942.307
826.9835 939.8947
805.4138 947.6681
769.0009 939.5273
741.5349 924.9666
721.1516 909.8414
688.2325 869.5281
846.8093 997.7882
838.8292 849.645
687.107 1026.348
724.4424 954.9619
842.4412 897.0658
706.8466 893.4856
735.9829 1012.811
814.8357 869.8188
728.6144 980.1683
823.4356 1076.216
716.4263 861.8939
714.8967 962.2179
794.2891 1208.868
782.2628 1239.307
848.5006 1006.67
811.4686 1170.517
850.8779 842.4989
727.0838 1309.021
681.1744 1033.276
739.9374 977.6808
847.826 892.3108
783.9185 877.6912
765.514 878.0768
731.368 1177.109
838.6074 1051.323
684.6304 1354.431
741.3355 1307.058
761.3008 1278.163
668.4542 697.7057
636.2468 1362.611
747.7935 874.6642
731.5601 868.4906
721.4106 864.6029
847.1475 846.0018
734.5776 849.474
752.6221 847.0767
771.4214 847.6189
789.5627 852.6666
800.3027 859.3612
849.9238 834.348
795.7592 875.3407
666.3322 1068.235
731.9288 1085.693
723.2637 1019.258
696.2153 1072.549
665.1952 829.7097
773.7784 1246.768
751.6539 1277.4
691.6019 1332.72
796.2629 1198.042
722.5155 856.0448
703.4941 913.4386
642.7079 1341.396
717.597 1333.991
839.436 1064.933
695.368 1167.811
699.6848 1176.332
703.9613 1189.566
706.5135 1205.608
707.4485 1227.683
719.3405 1159.049
727.5036 1156.985
734.6048 1152.753
755.6388 1132.261
820.0951 1063.986
699.0478 887.7936
703.7124 841.7772
714.4667 847.2546
712.7737 1155.318
813.9727 1131.245
690.6619 837.6924
716.2753 1251.287
675.3835 916.3275
691.5938 896.9473
671.954 888.9991
718.213 957.4856
646.8141 1310.158
648.6573 1274.409
684.8797 1269.564
762.1739 1197.94
749.9422 1037.543
741.4904 1227.922
789.3458 1037.051
764.8093 1068.161
799.5026 1083.842
691.2979 1302.592
727.3743 975.1508
774.8414 1216.971
750.5107 1249.49
778.4581 1162.417
829.2714 1097.687
796.3472 1163.767
827.8954 1119.537
774.8013 1108.994
713.6111 933.7374
722.874 1008.03
732.3179 1018.181
718.0246 988.8789
722.5799 821.5787
758.2517 811.7247
787.5876 812.6782
809.8793 819.1094
822.7127 832.1263
824.3019 877.457
853.2375 950.5601
811.0481 912.1329
792.5256 917.4843
766.7764 914.6128
741.3234 905.5277
721.986 894.1752
709.0793 883.8127
834.6502 955.244
728.7817 1026.754
707.5331 936.9301
711.4176 1007.818
695.7129 1022.066
708.2882 1012.582
720.6955 1036.026
693.1452 1024.634
687.6592 1031.563
709.7324 862.5337
699.3143 867.9553
696.1003 871.235
806.0411 864.225
816.1461 854.5
653.653 920.1871
480.3218 851.6534
648.7419 1025.617
382.022 751.8357
550.8409 875.5132
527.3051 878.2615
503.8083 877.7271
470.0008 862.4723
570.4448 868.319
521.369 806.3035
546.761 808.6738
496.7748 809.6659
479.2391 818.6749
451.116 881.9514
552.1385 1280.791
470.6281 844.7646
369.9062 869.713
422.1132 862.1466
538.2092 993.793
635.5986 1112.187
636.6129 1145.61
601.9055 1123.996
580.0203 1138.908
612.6643 1148.567
593.7784 1153.49
540.0452 1188.049
659.3015 1009.812
657.2687 982.6245
443.3691 788.7701
585.41 922.1693
589.4597 1005.276
585.8919 991.3796
464.8361 991.9508
656.0731 948.6757
507.7812 759.8621
470.9203 768.7739
412.9531 701.8693
615.184 787.9578
568.2529 817.8312
524.6461 1159.33
374.2686 1134.833
606.4982 1021.178
627.1819 1031.595
553.0757 1163.761
563.9094 1161.621
456.578 750.2606
585.7751 1020.049
555.3683 764.1198
552.4505 740.8505
525.3655 639.4127
436.1048 725.181
542.5679 688.2656
426.9695 777.0242
405.6231 766.0559
636.1151 1131.249
608.488 1138.799
587.3519 1146.672
611.938 1027.62
559.0811 1163.531
569.3889 1169.852
565.5705 1159.134
625.6265 1008.579
596.7065 1152.38
615.3934 1151.067
636.7372 1150.875
617.1237 1241.946
625.0087 1215.65
628.9332 1197.935
632.0916 1180.792
634.0586 1169.31
592.7824 1165.023
589.1396 1169.419
582.838 1177.75
576.4278 1187.554
558.7213 1102.528
352.0937 994.9861
579.8481 1163.565
575.6193 1165.879
635.8109 1045.531
592.0435 1039.561
631.8096 1038.895
559.5579 939.0298
521.5619 958.4087
579.5966 1005.543
458.9772 662.9982
479.5536 697.5248
499.2422 737.1324
559.8716 1207.967
610.6066 750.9005
603.3604 690.8284
592.814 631.6543
482.4959 872.7477
425.275 902.2
583.0355 861.1831
451.1948 826.6556
604.2714 903.6871
609.1895 992.5138
396.5445 921.448
444.249 922.2332
477.3189 932.8706
523.6212 927.6594
556.7385 915.2654
582.2092 901.8409
643.673 866.5214
400.8237 981.2758
430.7788 822.4723
663.9913 1025.248
589.0058 949.3612
352.5078 870.6724
602.3759 886.7197
574.6967 1008.64
461.6139 845.9773
605.3096 975.7928
357.6292 1062.518
581.5123 851.0902
630.7889 958.8964
440.4884 1207.458
431.2981 1239.433
366.7527 988.3715
409.9893 1165.436
387.0743 813.811
542.171 1311.919
662.7833 1032.5
566.1268 971.35
399.3568 867.752
506.3843 859.7775
527.558 861.7125
562.1383 1174.849
403.2022 1038.303
583.0717 1356.645
502.8411 1310.93
468.9796 1281.042
547.0261 859.8608
564.9022 855.6367
576.0661 853.1696
411.4037 817.387
562.1339 835.6543
541.9706 829.8801
522.1715 828.4065
500.9766 831.6022
486.813 837.141
363.6596 804.6029
491.3673 855.9547
580.882 1083.272
607.8364 1015.261
632.028 1071.406
471.7895 1248.11
504.8881 1280.324
588.2347 1334.338
400.5846 1194.169
575.7297 844.6211
627.6016 909.4449
540.4583 1337.516
371.9994 1050.991
612.1219 1166.725
608.251 1175.017
603.2328 1187.896
598.1198 1203.921
584.9556 1227.126
576.4515 1157.617
569.777 1155.335
562.7967 1150.71
539.1096 1129.142
442.4406 1053.607
624.2241 883.0663
605.7992 833.2471
588.2045 836.5438
580.5044 1154.021
430.9346 1124.238
631.7543 832.4703
567.4891 1252.129
648.335 894.3898
608.9622 953.1449
607.303 1270.075
512.1284 1196.301
554.0145 1032.64
535.9307 1228.125
501.1457 1028.124
532.667 1062.611
477.5225 1076.176
596.4348 1303.714
590.5851 970.3298
485.8927 1216.573
517.7855 1250.901
496.8486 1158.787
406.1384 1087.456
462.2943 1159.784
383.5061 1109.667
512.7199 1103.978
608.2496 928.8092
618.235 1004.03
597.5075 1013.806
632.6733 985.4731
588.7654 809.5389
551.0844 793.209
517.3107 788.8977
487.4713 792.7241
464.617 804.6208
444.8596 854.1877
365.1331 928.1606
465.3542 893.8439
491.6003 901.9489
524.014 901.1847
553.8945 893.9716
577.1105 884.5271
593.8965 875.5638
351.1969 932.6274
596.0206 1023.191
631.2452 933.4962
639.7224 1005.053
650.1348 1020.438
637.427 1009.792
601.3992 1033.544
655.8347 1023.066
654.5333 1030.431
591.6749 852.8364
607.7739 860.5342
618.3013 865.2596
478.1015 841.3785
465.0332 829.2267
