519.010578573818 1064.579730979513
534.9387254370042 992.062145709761
525.9740187672121 1003.8235409450937
510.5358361864712 846.6256583998237
538.5621822234615 953.616600121219
540.7179694832059 895.4059986959898
542.3282094449128 749.3310653053833
286.17443791829436 706.0000549069963
545.4119551499695 662.636808035559
549.0370794268945 612.6476
558.3241675871216 402.196703118035
517.3439218512851 1079.0301398100646
515.757304671205 1085.6503639747448
514.7368005049317 1082.1089961768348
511.0130163753305 1123.6500627495716
510.3979903078025 1136.7022828591712
509.55785302712604 1153.795262908514
507.8050426304252 1173.1098276938437
503.1060544922584 1212.6975825520808
531.7599327752848 1007.9481703528576
495.52647657102443 989.0357419093099
163.98918505871436 541.6686233422847
386.32975162900465 746.720184178744
350.65740596714784 746.399185400487
316.6211463692481 740.8681715582835
270.5239282179912 717.7248426220852
416.2675975722115 740.1786388635429
341.96033151743217 666.4450829027088
378.9797315621666 669.2614032474324
307.80734758678875 668.5257013667127
284.1770622529877 676.4263691685761
240.25036086060726 734.7257574899191
364.7043456676152 1261.4585263263266
273.49900912756516 697.9114320758218
139.03405075676474 698.8083163217938
202.35302708459358 708.6784140746819
341.04376759031635 894.1575183414074
466.4912988010353 1054.0435949105477
466.59912985128415 1078.7528515037407
411.20676400253933 1048.645078436391
374.7809905643299 1044.8007424298962
426.33562710150943 1069.4354180303535
395.06795751025857 1059.3230003486879
332.81859294297874 1089.7460351948534
504.5153618525992 988.2650716510437
504.3408311836397 949.7484965456111
230.74371978879088 635.5428720079794
425.73394095772363 813.3436854988
413.50651127266775 939.7306027595001
412.9315049763661 915.6770032453002
229.39833289638108 870.3585323262163
508.07156319018986 895.3278662274096
318.2872472616251 611.9561549721122
267.3537509236886 617.1495054186345
201.34252786112694 483.340276833286
471.90897533080954 652.8096011832549
411.24539419837595 678.491962157853
304.37398471365697 1044.7152338191777
147.5652376964454 1033.5709758094472
437.03785883871467 960.7247424288499
467.2972525271226 976.5176091286397
333.0487066275305 1040.662453499653
349.97734777137686 1045.265712575082
248.38827017346512 587.2736710429783
408.3659160756207 946.8819091581646
385.9467846515742 621.2424447342471
380.943201587962 587.3840399846088
348.91626800372126 409.9670590754487
226.0986471757485 533.0270630411594
369.38026685431123 493.2488944395649
209.74223317742417 612.5112779656595
186.95533673071174 578.4537173782771
465.60308221187154 1071.1592497672054
419.83908423909 1062.2805601558443
385.2533865320612 1053.0688513864452
444.5952035537117 965.0936040985385
341.08239778615297 1042.297498340392
360.9260901827336 1069.6091671562867
355.2341114710117 1047.7129526224226
461.2136914705534 969.5791180901982
400.8886109030765 1054.557739336658
432.2335408860005 1064.8067522431138
469.57949114733935 1075.7739828415165
450.9536226223844 1205.2624312763023
458.52430726112357 1164.1546447566002
461.6058296455566 1144.3161006889754
464.1662612588125 1127.8632058629996
467.6349193468453 1116.7424422319327
398.41377713383264 1086.0270936047164
392.8760412903791 1089.4012688474832
385.55575813688296 1097.046776769438
379.10812832818465 1106.7767278216916
351.26409458233695 1012.9063038222911
127.25464796889003 846.4764964143527
528.8390453059134 1003.8541382754466
378.1409838568799 1070.6792541472928
369.65790401719437 1068.4183299865658
478.4035727876832 994.1957631209833
415.9296528374108 961.3864096977335
473.44251073099906 986.2797966539434
384.89876689258284 826.9657808862243
321.8401136182802 841.586933747764
403.2456086792648 924.3991547290517
259.52460526244556 438.0597793866938
283.90553922181965 502.7160362793219
307.0013938607015 576.7162261189462
362.19866332471764 1134.0277483577797
463.7685647822501 601.4992441335257
456.1700886357148 495.28580243163583
445.28887958830273 399.43911871997113
287.0746048558105 731.4682345691234
200.22308592709948 753.7335294003702
435.1938922964425 732.5642746528396
244.30319644251443 679.0052870126145
454.07572060819973 794.7456992627193
440.1994207656004 941.4068993581251
160.52208329511805 773.2491623565915
222.75032631647287 779.3609790946026
267.14170171920426 796.8227662508785
335.20282639680727 801.702220870833
387.69681589749547 794.9779111448626
426.61576550009426 783.546529972623
507.09385794592265 755.964675802093
154.04627289751454 846.3806065665502
214.74553832595836 669.1633278760333
513.4970213421471 1004.1172206783923
425.7044819594597 852.0555917756825
130.6153916321506 684.6556850812846
455.7232011903533 767.4496023024504
397.52250347881125 917.0568882061306
261.4516684130281 699.8669293139177
440.18135628553296 911.1740050648676
131.12205861078155 937.1440355828735
434.2645442757405 718.5277493534019
474.49386347092604 901.442961250816
213.8751083017841 1138.9432641170788
217.01443702243307 1180.790577183795
125.17236924726623 849.8014973761952
169.53995511932422 1084.6062300764493
162.55172490097598 631.9501444055484
356.75625235300475 1302.811911060201
514.6200761721881 1000.5731209759866
389.0430365351392 870.5934761128555
171.7529373021131 709.9424662848902
321.5130075715199 719.5423786831433
352.0019591143237 725.3105218355826
352.7456598629477 1072.8604066967423
148.5052576561411 920.8091590311166
417.40843896724203 1360.8957521168254
314.95726879749475 1287.9121039400898
269.9044555092159 1241.5626122642898
554.181287519955 502.01311725255164
488.0900249149405 1373.8340518089503
381.5640638721272 725.674138323974
409.4553431812283 722.3674411222536
426.59603352955907 720.6422434331536
189.59141682818864 654.7025378083971
404.1799591713701 694.2747208110083
373.9025010028947 684.5783721840534
344.3159397182307 681.5637155729343
314.0587693504465 684.4833019075994
294.49188037151504 690.9169369952164
142.6110957252025 603.5132041278318
300.662706762564 712.412381139546
523.2890811990295 1021.7489322943073
391.0643128971505 1005.1187368665538
437.75877055094577 960.8588789395939
469.31185892726273 1015.7398351653384
542.8081687845516 701.8956415925014
263.8803682793304 1197.0861143108127
309.02600520364837 1249.2089397575937
418.7363172097403 1340.7580645069106
177.69370559162581 1115.8758821258639
425.37070595082844 708.6732234561399
480.44513695038574 816.703928028638
492.2759818191911 1353.284119810618
361.97132879094545 1330.6696875848074
127.13108692522849 933.0267823172484
429.85931237497863 1102.7785855920833
424.22291667884895 1110.499494078123
419.54949672785455 1123.1741649864025
414.9658433470416 1140.3480094088209
400.2249496969053 1175.289887481495
366.2395485582725 1049.3892492210475
356.07563832707797 1045.0438819300225
346.82829202299934 1039.1997918326
317.9437442252651 1023.3705908030164
188.99009197400414 947.0794258532113
481.708816809875 773.1336027964188
464.1687624945141 697.9193545988595
441.49422711382135 701.6407549030429
374.8165636943089 1045.8273921394189
180.69082516688206 1032.0408361013474
496.0528477286829 703.4194979202604
381.67661947870147 1216.0173928953814
541.275467129596 844.8294311938331
508.69409296482286 803.3274308553865
541.7607068557161 798.2127592583435
450.7332359655612 872.5500661127497
496.3210357789153 1313.8944280283272
499.89418993626157 1259.6470004551593
438.601131152246 1250.6497461886806
305.49870703416565 1112.2957212841138
364.355284329696 940.6184717206364
340.4912724153296 1168.777846734848
273.7307903025847 928.4620430952103
322.80892558005263 969.9998313825521
235.9143298142577 977.997208603567
425.35014023505926 1302.2024231671876
425.2395300340308 883.9341853372122
276.3395791394058 1149.0368316577237
320.8863090707175 1206.2669525594092
275.41940231627655 1059.199791455927
151.63035712479845 984.7638628492222
228.9072569536237 1072.9806104945574
139.50406073661264 1011.1158136157416
285.91430940532274 1000.8588781862476
453.9623312563916 834.1454990916453
450.52118676107693 963.2812586560227
423.15349945885447 955.6218180211389
470.94405418012855 945.6651188957338
438.56361261672123 672.4101963692955
383.0128351735385 653.8059267528745
334.24485312307525 647.6157043558337
292.4183559748471 648.3705295680242
261.77682905424257 658.3971654485217
236.1305477449115 705.1318556582299
128.48647876044495 773.3502428229361
259.5629575432042 751.1843893153363
295.89118278904937 764.9690330202608
343.08505383794085 771.3619627308902
388.38076490435776 768.8953261616294
423.65346868410654 760.531327357278
447.7373114251403 750.5617882807425
128.90354591794122 764.2379753771837
421.8945441556906 957.4390808917473
480.1247008654965 856.9410565855277
478.28490304939385 976.2004350166768
495.30192118803177 992.0594138052651
476.2752991206569 977.8119854787514
428.98526945479085 964.4043445942474
502.20811087536595 998.9208651369248
503.2161088631309 996.1526263113273
447.23762011496615 722.4245379262157
467.0051637801854 732.9759726603571
478.27600976689905 742.5663233928748
282.765809487101 695.401085034628
265.1293186396877 685.0865064202727
569.3854656050526 849.4206698894801
775.7493613395446 728.8625440610261
561.7814311569581 992.3347897784421
892.5417832773201 578.2146757348943
675.7524592232721 760.7457818601985
710.2981371590745 763.819993989326
743.2991630915691 761.4306703172964
787.5524147005538 742.5250716349882
647.6810909436521 751.095329228773
731.7014889731731 683.9538588163126
695.0286490306561 683.4033800604083
764.0688685279163 689.256485442667
784.4825647493951 699.4951171120389
812.4049705472279 762.76930352024
627.0920303079797 1274.2774417919845
787.8025382707189 721.8530235056936
895.4443283515461 736.7061150589269
848.3727399369575 740.3122289933875
706.4962588925663 912.7822772415471
571.7608057763863 1059.8833139607773
563.891362428839 1084.2103771150073
622.4436227140018 1060.4146693852108
652.8322469136616 1060.5395174206692
601.3056797993562 1079.348406683826
629.099688831171 1072.657426192704
678.2992729977079 1108.202235587602
564.448860075229 991.396107393684
571.46315872789 953.3111731985883
841.2066996517298 663.2938310667997
635.548986130337 823.59652307155
643.3934171208678 951.6468969797448
644.9247292004337 927.860750915684
810.9256285872409 899.6328013318965
571.2366579393516 898.3097399845789
768.4510334772074 630.9169381252356
813.5019013599405 641.167590174389
872.7267161337693 516.9364187513272
616.6735498653728 658.3870574018872
661.3428403460655 689.6553434990543
712.1004164396525 1066.4789509849952
830.358006668439 1067.0045694099877
615.9315166072166 970.0856131837203
584.8111420072851 983.061066776988
684.3942285724735 1059.929483146756
667.9041374216497 1062.896058238749
833.7246699228601 613.4237340672578
643.6902304241303 959.2773794269734
703.7635199309744 634.2842836067628
713.9541100096532 601.2252341125966
755.9454107991124 430.0219699791411
853.1128595066625 563.1285527281689
732.2120189713877 510.0375403280749
860.3442098352112 642.5556708487065
876.475512620387 612.0706217704865
568.7331989170777 1076.8946100656954
610.9248764777468 1073.3934012638733
640.8635561661875 1067.7353538626153
606.7861651367497 973.6747893103067
676.7034846200551 1060.6028976049715
655.8873673656884 1085.7623720590727
662.2191065868769 1064.5701693137776
599.4683832189552 976.4616050864757
622.5131014834922 1066.9963736965005
593.9539922420504 1073.8479901719752
558.757437193663 1080.6220205597692
555.0447696671803 1210.6412780380897
556.9068006895199 1169.606160177976
557.2458570846323 1149.5181932298842
556.2923304521478 1132.9087602762988
553.6682562860387 1121.5279193372317
620.0466051665871 1098.2042847043103
625.587953906054 1102.1098153715106
631.8891224686668 1110.404970182568
636.2104240158844 1120.7487801750285
680.6932334792651 1030.8224066962193
870.9336080507642 883.8994901501154
638.865902585803 1084.9559138519116
647.9701226247317 1083.7363916849854
571.984805329223 999.343217571976
630.6674077859496 972.697587072158
578.1631354273769 992.0066880484961
671.5203684160799 841.1987301189102
729.342823706517 861.9316997184613
649.6734641375555 937.294836711042
831.0816975314498 466.3868971036791
808.1042347157795 527.2034622274555
783.1844234202388 596.9926944772484
646.4957831361479 1148.9119836222653
633.3081568567363 608.4060450798157
650.2504158394028 504.46500153753516
667.8049217388177 410.62681401118505
771.4308389431067 754.50201413504
846.3422923773735 786.0303775402075
630.4681426750516 741.5139937810915
818.8111910093099 705.9082629159374
612.9467086699141 802.215818916044
623.371859074392 950.7918108725584
876.3585103725654 809.1589541921284
825.1017987989601 809.5135553956835
783.654655732149 822.8359608599184
719.3131464579777 820.7217399706161
670.3720233139446 808.8368626520731
635.3513885099067 793.490115956448
573.586429923513 758.8681439002327
874.2191201024207 882.5447387106466
846.2472454207108 699.0735842483365
549.5834604701661 1006.0311929681521
633.4329407267409 862.4177055282647
892.3255653466662 723.0859320046499
610.9031991016659 774.6230371275307
651.4518427214288 930.4913017546932
798.0873415608264 725.0433415758929
624.2195000621734 920.6558991889018
856.0679305306232 973.0027408043389
631.8994053265515 727.4323920574731
598.6504791445155 907.531556800613
773.7097425823879 1166.217779031831
756.8433544160047 1206.2748750824471
887.0943698342039 887.8703133347655
818.9784958862426 1116.2280246153728
886.1383419660176 667.6659710218834
626.8488546147637 1315.4278460218216
542.6583725575306 1002.084410543065
663.969415747876 884.7428290679699
873.0176932203946 744.7283526108537
741.7278312407768 739.4115200811212
712.0370518018773 742.6324354816733
662.8699836994618 1089.8014928561183
867.9226760961333 956.8050058582713
558.4809116910917 1367.4536888590019
659.4630227587364 1303.3255091054125
704.0611669794708 1261.408259283604
683.096365158395 740.1977621950133
655.7506331473317 733.9190260923084
639.1554900970385 730.2806756847975
867.7278576264824 687.399883147319
664.6122333232003 705.4848177190878
695.093959073977 698.5640840598693
724.7933538802932 698.0021313050823
753.6095345688491 703.9396525362614
770.7785722551317 712.549795935685
897.8246709942831 641.5937672757343
761.9119696078598 734.0452400800147
647.31063014473 1018.9905283248946
617.6023420559189 970.5243570457463
575.9448172750912 1021.7574011982443
721.3002392653998 1219.1090892132815
675.0006989373874 1266.2737811906295
565.6725201634919 1347.7088491155828
796.3931712455753 1145.5042059542002
642.2570223670848 718.1114071082415
593.3222912698448 822.0401570802909
613.440563763451 1341.7882656922775
873.7711209967473 970.0181351426739
590.166565559596 1111.2974833813469
595.1907143389774 1119.8270355981444
598.5151345015485 1132.664528014374
600.2232005706976 1150.4107064286632
606.4490541471828 1185.8522498336192
654.2985268649846 1065.518140173821
664.9935328101628 1062.281652917643
675.1938499165701 1057.7319391703318
706.5707401334599 1044.1871566801387
833.8441734063834 979.8264918539566
592.398223635624 778.2072958260247
609.6720353062981 704.1038399964592
628.7875901986206 709.6583482173265
645.7954371396859 1060.926901478174
823.787260480204 1064.4122652339197
584.8078070263496 707.0742397547461
617.4036327751767 1227.9249450212392
571.8447361299307 806.5480730654891
614.3899216697663 880.7127235557608
560.580560105088 1256.900070484629
700.4913478030602 1132.9691353656563
678.1528117516224 956.9364104645196
660.9223548331101 1185.2192675619417
764.3937512540527 953.465798993051
712.3938947619794 990.1856005115936
789.3719247159653 1005.9546996422699
566.6407762951085 1309.1493831095663
632.8932296453404 894.8869368417871
720.7916546727309 1171.3239817249369
672.8843756187133 1223.650334056656
737.2005946207901 1083.2394582571983
854.3084501720513 1020.0024257501403
776.2874049304774 1100.8457631613023
853.0219812761693 1046.2710534295375
740.1134225529006 1024.6166124435522
612.096566446431 841.8429131990207
611.688587111984 971.4939099513068
632.5827985032579 966.740396128609
599.1298826539985 952.1968293547501
639.0987954211345 680.8435855478405
696.7570029004964 667.3976980003955
745.1962114137317 665.7238601158168
783.9762034773499 670.7084930588595
809.1341879947033 683.4181323446857
819.7588814251575 733.2876829633284
894.7170245925217 811.576143290015
793.9277865889821 777.3885440486328
759.350982164448 787.7501114203156
714.4429626317868 789.6108115724072
671.3611230764083 782.534905737827
638.8275503050444 770.604405614204
617.659036731823 758.2592023881183
880.9029777273859 801.9680351782746
630.4700880805973 968.4991962430071
593.463194214371 862.4947452350463
588.1530708197678 981.6494917240062
565.9835071357304 995.4049040508258
586.5325480001763 983.217878095047
620.5563014195678 974.4536552820604
560.3799054188 1001.7150570552325
553.7680277990269 998.7954707205676
620.0952403052303 730.1470855549527
602.3500846623341 738.9782400280868
593.9348161016711 747.6938349410483
780.5420068589842 718.3520878943217
798.940818765245 709.7894796331251
