532.1174082208704 1153.7239030059457
532.9205213597696 1096.229274298649
529.1986830145916 1112.9606242870113
511.19812425521957 1031.9547775046333
532.3642111727245 1076.8372198633292
529.8637913621287 1050.5902001523755
520.2728044125956 986.6245129385113
387.62403852393817 989.2355207163339
515.7695848766065 942.9353428242639
514.2958265881093 917.9491
505.42268602574137 825.9143199198749
532.5167500694956 1162.799895252997
532.4984786226955 1168.911619232459
532.0090253205328 1170.188685582921
531.6476105660231 1170.5089530062344
532.360612251385 1177.3338241877811
533.5888133684916 1186.5740915355836
534.3462478903905 1197.5265471813843
534.6801170546485 1220.9293989084913
532.6043699621057 1105.8018190981393
513.2932501549747 1103.365301847501
314.93344057025837 917.0294355283994
441.70779789260337 1002.8288021414382
424.0060880244557 1005.2437841687845
406.6227442747962 1004.8695406409386
381.7601498815409 996.7843067116114
455.94360809082707 996.8912925965544
415.8932888050683 963.8445261312277
433.9907416005019 963.0139015251602
398.6395062236284 966.8953494308935
386.8760165655425 972.5723656017287
367.9930299777523 1008.1235680988448
468.5013520045152 1264.0295254471878
380.73501098000895 985.8336456677516
311.24937705713916 1000.1734815003035
346.069813062462 996.2785050568614
433.38404651470466 1079.1610913305951
508.3008541569258 1151.8140324018336
511.4951736857742 1169.319408011971
483.4031010705852 1157.061448477259
466.85221551074653 1163.1912565224338
493.0429502983036 1169.8511623717136
477.84456706183346 1170.5343535260145
445.99245216724785 1191.2284606926669
518.0895049400245 1096.55382115736
515.4766880475973 1077.8510319136797
356.32698803593405 950.846362319013
467.2494810585991 1030.9724400114014
470.06563700670415 1089.6365969990045
467.9800620905037 1079.2237643522262
377.62831134377063 1078.9174396055312
513.4947897499828 1053.2504904604234
398.61818953569485 931.1697944528962
373.5554397479465 937.8239023574436
331.3522180329296 883.4934329647008
477.87169739193075 941.5523949592841
450.052173858178 965.8935474089171
429.20777514039764 1173.8208218651614
336.89185770464934 1182.57613254999
482.7606936114967 1098.94837233184
498.81036016479385 1104.5628535273472
446.8139751729989 1170.8722908761313
455.6251035522874 1169.8420513157057
361.75000881425103 924.2482908591428
468.591601878104 1096.8525533573818
432.64695974037886 930.9392571266318
428.46210632287773 914.6713285779517
403.69612912558097 839.0227827283081
347.23266607324774 902.9453994955887
417.7439648938452 874.8047986442948
343.7736597218894 941.4518972505891
329.68586208475233 930.0594880366422
509.8612633976723 1162.6162936698047
489.01423469891324 1165.1360528412436
472.69160380402536 1167.2823967626555
487.09351806406903 1101.706675515126
451.27013189147243 1170.3376375440225
461.7769059018392 1173.9461679084236
457.9729844661118 1169.5703761911018
495.503643554114 1094.6380145622124
480.9491903972991 1168.6903310085058
495.8513547235237 1169.4856157609663
513.1238240119184 1170.3622097859834
510.73940020449356 1221.8703225107772
512.0514838728193 1197.6619706047768
512.0833204846681 1186.0582125007036
511.8172771456533 1176.895113036363
512.4797555122117 1171.0866767849268
479.3763233519161 1170.8094798081968
477.4989321931966 1173.0037257968029
474.7816081618744 1178.1586508491162
471.9009484697626 1185.049784256176
450.2627107565347 1144.2144453669962
311.03967067909156 1085.9533835845978
530.087893425534 1108.0362365609624
469.1466662846855 1170.8416445968314
465.77018596804135 1171.3129346757933
505.7378684830446 1113.141464944141
473.87301894371944 1106.8526275577346
502.55835989970853 1109.0965702154751
448.38102857621817 1042.5198752237884
419.6901508181684 1055.6950143966444
464.2049320254917 1086.826388405733
359.54885315503424 857.1133366175081
374.9151399139939 883.870713511216
390.53182854614715 914.5287267467954
463.8507151136607 1203.8725357372957
470.9526326968225 916.6493940558212
461.4930063761787 872.1677001151763
451.04699876842767 829.8761107740429
391.12883422833823 1002.4872755874394
349.3731799078952 1021.6202171117422
464.5448916720165 991.198815239766
365.77900125374447 975.5226911926998
479.83380162217844 1018.1269554104733
483.31575801807827 1083.7661779574528
330.11148990116067 1035.4770289295643
363.3940237661136 1033.7390259728768
387.69615537077834 1039.2819991833512
421.5777850607002 1035.3983425367674
446.4042518205098 1026.9831779429062
465.0946961166404 1017.236694801444
503.16311710478453 992.3722088165607
334.0822628669862 1074.8670230247396
350.1703409845792 971.822912221915
523.6556520516096 1105.2910477764758
470.0290941131038 1049.2391409834238
303.028983931708 998.2837656564516
478.2890338472533 1006.0218131333509
460.6429688398153 1086.8534454811509
375.1530839825509 987.5574298552147
481.1086502966462 1071.018016000247
320.3246524207368 1133.6841353162351
463.27530295950635 984.0823902659615
497.5317741489351 1060.4109522049334
382.24392796159134 1223.7862671522282
384.6766603669954 1248.1551669087949
314.5533252667887 1081.7799677476974
356.40782534601976 1199.6985677151827
319.66440261700785 961.6850678110161
465.7766917104626 1286.8148960602944
522.8665193379136 1107.5884143535363
454.09999142467757 1063.47143874582
330.2657036805553 1000.014314112769
406.499412008895 993.4756129176569
422.469210192467 994.4507720031249
457.5808404601653 1178.034409176279
337.78768459405444 1114.0318635994734
500.5831057645668 1312.4886094742567
441.9856069359971 1289.788275383892
415.67112462238424 1272.7138803321961
509.84963611334496 870.8443882531583
538.3233328105651 1312.8598159834332
437.4646696334138 992.5555343071469
450.91162395804446 988.7014195694376
459.11398095076305 986.1097382740563
336.22720614328216 967.2980304971886
447.98528564893223 974.8038840921859
432.9516222737669 972.6731394030301
417.9020405926771 972.950474426063
402.38570649787346 976.2942319810181
392.31038778808386 980.5925797222715
305.67420495819516 952.5741498492672
395.30815084377866 991.3951170828486
529.7590073831307 1125.6219551195345
467.41821510139783 1133.5465031519925
483.11228054234886 1096.7571633619034
504.60766876241166 1127.769541457675
517.3439745425562 964.2425136232157
410.46057862314524 1248.5590903918185
437.3434136682853 1268.0374237666085
500.32398342812775 1297.768318030217
359.33540943559564 1220.6080271147528
458.5641765061391 979.7190227159235
494.2427753048494 1023.1401069094493
539.177522948474 1297.80172523558
469.56690956108986 1303.9776407460079
322.7855117806091 1125.2772535005631
494.63796455192926 1170.7873923996926
492.8650805321048 1175.2239244904013
491.7393102531204 1182.5686780496196
490.52592008152595 1193.0462544125762
485.228307869883 1214.933219684768
464.29061403738046 1170.3533748225818
458.84253922973903 1169.321202613912
453.6432052546728 1167.0495126492376
435.55211978160906 1157.5838156883872
363.4990845852147 1121.9717347715812
491.70871942173517 1003.8662201096276
477.18887127779936 970.3078540448184
466.1988728675882 975.0414617799108
468.20250311329085 1167.892837515195
362.27157556836556 1169.3133339746323
494.0726570615355 968.6165107385964
476.42257787260354 1239.2786515697985
526.5293907411456 1028.5110744261958
507.21564095303575 1013.0962720309969
523.3256586487942 1008.1060362183443
483.5943975817811 1053.5323810114605
538.4407130142513 1275.3254402952314
536.4337606873121 1246.7481989870666
506.36546499662086 1247.8299298185682
430.1360200058679 1203.7792164363648
446.8444275843325 1102.59100013312
451.9922693002345 1224.6872953729032
404.7452146960252 1102.3876579285766
430.52774875165983 1121.9213478709305
389.2251432598306 1133.763649986851
502.0055102139513 1275.7245321576447
471.86343663580163 1064.0388090517758
415.15454099012436 1223.020248216036
442.00498574320943 1244.9477991013543
412.30364160908863 1180.2419076099875
343.60233722412727 1147.525347901801
389.0928136905807 1187.4147935217813
334.8182145968896 1164.894333764424
416.14659749934367 1145.9073071825528
482.4349912302782 1035.8688043379104
490.06511973002716 1092.1744402361564
475.9727127051747 1095.8409500478817
498.6466092438497 1080.0996681457275
462.3741884241333 957.7289368552772
433.76816215766326 951.5448766129637
409.478211517532 951.579664281358
388.6713246337127 954.6807364353713
373.6548253449354 962.307794684536
362.89723420122056 991.6906742178976
310.42638679884215 1040.7001488556348
378.86578660432895 1015.5442471247968
398.3077133601431 1019.7231848138233
422.1397704698575 1019.0315728350304
444.43536500773774 1013.9117115437177
461.4399914964478 1006.4799888135133
472.8355606576026 999.1279188002281
306.46931741811676 1041.713546767076
475.62569363602256 1099.6848493591576
496.7992552363093 1040.8474442610984
504.48087599522245 1093.547172674703
514.2194187196721 1101.8505197630109
503.7352071777026 1095.9182559776468
480.28491257007096 1104.4903792181924
517.9502543681988 1103.979607896529
517.2807165790132 1106.293816122574
469.9155896708602 984.9841087181524
481.38521355957636 988.328280412017
487.9902031577935 990.9974056834667
386.03276161170345 983.6681133102015
376.93897948721803 978.3457380921645
540.8976689286707 1030.162522350807
637.0035412169484 975.4942536542505
546.1801933546983 1101.2422877513218
683.3586170091847 899.1311801394905
590.9441306547515 994.5726668888083
607.9595539074799 995.1178117399568
623.6066949509667 992.8534382293494
643.4501782762305 982.3710302457825
575.9370439294773 990.2393934328575
611.1266046861795 952.9200938849668
593.676819311792 954.1107432496555
626.8664871641824 954.1382144639828
637.5934874765121 958.6064972044167
656.4163997619441 991.9800192693049
601.9040919137835 1253.5375922687033
642.0802350263709 971.3517601892561
697.298485137266 978.7406885654832
672.5394289425451 978.187675075055
612.0187219182039 1068.2464603718581
555.4555825867735 1148.6413142164843
553.4037821631431 1166.5138929930067
579.042774625355 1150.8804252536147
593.6680988485464 1154.8464955431803
570.556794947079 1164.7486949145982
583.3526213493756 1163.4826722683883
612.9619161492378 1179.4078318463414
547.4619630317419 1094.511702194828
548.9870751593518 1075.7028933903266
662.3119865961387 934.2146817615265
573.0464179936564 1024.8897057556014
584.895312823528 1082.5922321954456
584.6411736089435 1072.247180283515
660.8232789420779 1061.3816938087004
545.2580389714948 1051.267041176731
624.3764488574504 918.3839458549298
646.8013277234472 922.8102625192053
667.8944672738028 868.0663444485214
552.0079543636498 936.8746959769683
577.5957314068006 958.7408162573838
625.924815553715 1160.2017257813677
693.5810762337364 1156.7295851644808
572.1889057745111 1093.3670222490891
557.407997413415 1100.830081490109
608.494685826643 1159.7770953528711
601.3304792202988 1159.7910380294895
654.6426852218106 908.6795668359291
585.5608364312197 1089.6404622954929
593.4607456113747 921.5271221314046
595.8097338856112 905.1332953542496
603.05104046065 830.3649327335052
661.0965201237716 887.5419168972484
597.5445523912686 865.9200005271093
670.2494076102546 924.0460530250247
676.6808184638699 912.4134432435926
555.1520274137977 1159.5879719175525
574.4263274872252 1159.647469874211
588.4338830204981 1159.687227209519
567.5240116183504 1096.7175440728988
604.8107745755805 1159.7160788868778
597.0472091461694 1164.510150902751
599.4781420909038 1159.7614961206148
564.1126494487241 1090.3348352003488
579.9420897000583 1162.027664233163
566.5996425143227 1164.7797553328076
550.7610665395883 1167.7800536855198
558.5242167088447 1218.2809805825143
556.4249382075442 1194.5109256890223
554.7629286489845 1183.0834527140746
552.5194164540036 1174.1230052227615
550.5257524520101 1168.4767733775293
580.9572623578811 1163.8168823683202
583.7461495558373 1165.5557136028265
587.6291088409806 1170.1272549780183
590.7506194227312 1176.551515787817
605.9693504067743 1133.9915644333555
700.7635542868809 1061.1921562344723
589.4288463507994 1162.5340180731257
592.9989763195152 1162.4921900432705
551.8486328843542 1110.22924013284
579.1067246891557 1100.2062502461638
554.5258151007365 1105.7638563647724
591.8386010276517 1034.2370970346503
620.2079290060284 1043.7932143240655
587.4051451976268 1079.385002434308
642.8498505128031 844.6019240702085
636.223959486807 871.154026111129
629.0634902218537 901.5133071466868
599.2699583334229 1194.1975605808666
556.3387025154493 911.5115867450986
557.0212517894777 867.4499677049464
558.9155301944822 825.2447953495862
636.5651649137953 988.8514759009643
674.1599124856498 1003.1674297230707
566.2404424806371 985.5598998486007
655.1840460432919 959.5562557701044
560.2253991419836 1013.4764515498784
574.6900176853644 1078.0864008605542
690.9342080086362 1014.4703849325751
665.1725753807806 1016.344777636777
645.7285723241937 1024.3141907177596
614.4049451862984 1024.2834063921566
590.1688399462071 1018.8637085303972
571.5740439056744 1011.219118400732
536.7056176684907 990.3796484768602
693.2887330849335 1052.7808569370993
668.0681844384561 954.423832265205
541.2690499268897 1104.1361524043036
574.1453347826466 1043.2276386200504
697.6406595046151 976.1774448085512
557.4395571851608 1001.4210059418908
587.347839296299 1079.284228633007
647.0466080547346 972.4588915405375
573.8758309423438 1065.428383139307
699.8710217947018 1107.887146553558
565.7163841655953 978.4171080308943
559.9024651617955 1056.5152855299755
668.7731577608301 1202.3846726819202
665.8603846167664 1226.3056121847576
703.7190992268631 1057.3891186289295
686.6620115386281 1175.4533574462405
686.3698068098766 942.273824939558
605.9627062443016 1275.38231537213
536.8346251565042 1106.6020735175132
590.506169611753 1055.4483256529113
685.2382228887285 980.345752932235
621.5503266656362 981.7015056754938
607.4208230669772 984.3380520193996
601.048932835514 1168.0049311133546
694.5174878822462 1090.7322705071242
574.637141225685 1306.2860510273206
623.1791154118321 1274.88921397727
643.3146650457958 1254.4213647014842
593.0533753997613 984.0890164885129
579.0238110782973 981.6939131288204
570.039103954407 980.0250713700123
677.8762140287672 948.8462094326392
580.5926639421864 967.3232929706655
595.362498699161 963.4851916041221
609.5569213019812 962.1348226666862
623.8988996797182 963.800627406825
632.9465879270487 967.1351358594691
692.0754813333905 932.5857353843294
630.8052297300869 978.3947445297836
589.5664358820069 1125.6473556393144
572.8214854099419 1091.1955539005035
555.2141780169286 1124.5537528257419
647.8918008892949 1230.248490695394
627.7819973849131 1252.931845090471
576.8702719168022 1291.3189327932446
681.6002670947695 1196.1534006039283
570.197733333445 973.570578419823
551.1943213008353 1019.7604573156746
601.4643314101154 1292.894593297425
702.8009590251536 1099.7983234203487
567.049092421597 1165.7172277775146
570.0939182948075 1169.7710955158852
573.0446185329865 1176.7733561969826
575.400804649902 1186.9227964973466
581.6468710545366 1207.8528247960862
594.7211986004847 1161.4597417419945
599.5101171228041 1159.7356814619254
604.2152915139561 1156.8804697738262
619.7570948982388 1145.1748334980266
677.1791306493296 1101.4296165846995
547.846217094752 1000.5720211775042
551.8155504920417 965.912459752449
562.4398431261461 969.5734477120482
590.7493736422676 1159.545039517272
681.1318536404374 1146.970815902038
538.8772898567345 965.8707697688972
592.2466633395226 1230.681127809473
539.3034851953541 1011.2129063170901
565.9575118953371 1048.5979159052813
565.8773666855091 1243.3315529840472
628.5841415834518 1189.5422250996614
602.2800407737027 1092.8307123613424
612.1481446663719 1212.9573629477488
641.3730469831726 1087.3649070343301
620.230629894477 1109.6223885841823
658.0558468521067 1115.9248925546008
573.7544365571637 1269.9002205813458
576.4635938054464 1057.9482061566964
642.8423758300212 1206.2044138901445
622.3088685479472 1231.2589896344687
641.8045022837498 1164.1724896452406
693.1270584647621 1123.585910194341
662.2047110562135 1168.0506244396981
698.5138131895817 1139.242845805269
636.0260188131382 1131.1584401537607
562.1414094950763 1031.197731578146
569.9979931991065 1087.1694334690665
580.3210838011107 1089.3809352455664
562.4657276757797 1076.024955415581
565.422379976174 951.8556188413595
592.8469911029501 942.6114861970686
615.8688756511378 939.9656907508515
634.8026623978346 941.0497683695065
648.2590292859684 947.0578195753011
658.1854080203261 975.4259207341902
702.6228124188517 1017.4611580903697
648.6561564137695 1000.309733201515
632.7411725705981 1006.467012461017
611.252151672905 1008.4160882152246
589.7711591381999 1005.7770570378618
572.3165290620093 1000.2339457810842
560.3332283621152 994.160874766505
699.087841143221 1018.2349076195385
579.4674473434079 1093.2235921401139
553.8043697922321 1037.3885560893143
558.6616678200007 1090.0247832034688
548.7556368332159 1099.5396246482412
557.967214421542 1092.3899305153773
574.411793381816 1098.557563247616
546.3057403414239 1102.0226635030417
542.389144983762 1104.698553043346
559.7084002495692 979.9100787994864
550.6734466469784 984.2717897938865
546.6231375195514 987.5468002898717
638.1832953160243 969.5549495074258
646.0004293053721 963.3794481359075
