634.9345905885598 1134.2522455587832
650.0623933818824 1039.62603676862
638.1962025673834 1066.4947892435282
626.0477445652095 937.9232376809413
652.3124869996932 1009.0254801227753
651.2505115507281 967.5820834127153
642.1497713501892 870.103027033174
461.5391734718776 859.4914079796029
640.7409948293207 801.171253050846
642.5335011603763 762.3867
641.2905383307132 623.0657470007868
633.6996716424832 1149.2390491639358
631.993088613375 1159.3248779741243
630.071880144934 1161.4026996588173
629.2044204263354 1171.161691235638
629.5572544109287 1183.9457583806552
630.0120994646429 1199.5634706852284
629.2826654757686 1217.2101077655652
625.5854040745171 1245.268223110294
647.1695203392894 1054.0997197748088
617.4744271862 1049.3187106754353
379.39300503323676 746.5789430291442
531.8034106783648 883.3420135981061
508.91271177738076 885.2125678186343
485.95546802127154 883.9471870823006
452.93532589834626 868.9898799930608
550.3847817633725 877.0938992676679
501.4081340221705 819.4727523770825
525.9048674074302 821.2965872838162
477.6790430728213 822.6876746483682
461.19858812820024 830.8498951020244
435.47827036009954 885.3960796995136
531.7820212606458 1286.3934929675243
452.11558103465904 853.5675573610099
365.9247468315943 868.1685307009694
409.3014621984602 865.6949805913811
510.4123476196704 1001.0594411944173
601.3866600130331 1127.5450545813555
601.7948871050521 1157.2696240935525
564.2950330865442 1132.053072436141
539.4184090173544 1138.4276852475737
574.7698148561004 1154.9025781823602
552.690268488609 1153.325207452212
505.40704105791883 1178.499197022904
629.2521352812468 1037.791511849408
628.2201415801953 1008.156025774531
427.7839300784603 796.1461553332157
561.6712645130294 931.4413288183362
558.2593781635657 1021.6535522708854
555.9825934774905 1005.2738796324345
439.9269036145523 992.5189130769417
627.7812014781183 970.0239594112564
486.03535841052917 769.7839906718676
452.07773821869483 777.6391702115606
404.3115121417376 697.832486127582
589.355752400545 794.6206509599074
546.3632056011529 829.4277275160075
486.33773530717025 1147.3809666246325
376.06947343235015 1128.9054576508306
573.7392836793374 1038.664331571951
594.9297980949752 1049.7694728682754
507.4984507904306 1149.0434615282197
519.4035813141102 1148.704350576821
439.2033197228319 756.8726331930795
553.8198856859158 1032.7996719483772
530.8032268805875 772.7619509998817
528.0706830631178 747.432956248253
504.6538410493569 633.2715415065663
422.85412633310096 725.9975015970949
519.4015703432135 688.2548288365062
413.4213931190794 781.6366409889048
396.95830565038386 765.5671766755219
601.3822724401676 1145.4496377035325
570.3615838351166 1146.2899914622521
546.3900794849535 1146.545561945764
578.7349010176779 1044.0196318972476
513.4319118287522 1149.0592985837434
527.5116331538503 1159.8047407564886
522.790421935134 1147.9350656047636
594.7027411991903 1032.3441586388803
556.6957568836555 1150.6028176077098
578.1829809143167 1155.1472606901993
602.906039933217 1159.0861343621063
591.5222993183769 1242.8653458609797
596.3133460718677 1213.5068102945716
598.3861086197014 1195.5945066078266
599.7453421302979 1179.749136630102
601.5475376847646 1169.0632813787643
553.8244560743173 1159.6970487789285
550.5568111828038 1163.474582447689
545.3831315123422 1171.4796201252734
540.2531447549985 1181.5618855979692
521.4695796871097 1104.4108777621
355.60579702497455 989.5423384912858
641.698034160588 1058.9234889240954
538.9860502745755 1155.5819878643215
533.7385131275462 1156.505882090928
603.7076860588345 1063.919684015395
558.5019743799155 1049.9607053137224
599.6124352355832 1057.2077419213101
535.425717709832 946.1420756080943
496.8977091165299 962.9839923046395
548.9156761156048 1017.0606082058548
444.27297735327613 658.8000831577923
461.65800357031577 698.8797114240783
478.0552774460302 744.5458610263053
528.7489287018957 1202.9741785554243
584.5458756468402 755.2788315178258
577.9091232413007 687.9960909418899
568.6774871169437 622.6510141092632
465.2247346788213 878.8215240620957
411.147167850509 903.5595986795013
561.7789428637681 870.6426747001399
435.41702715551986 834.8938872299691
580.4400215224975 914.0195779264341
579.1233840318026 1013.5936787885503
385.43982998546846 921.4827903419186
427.4588840553479 923.0498669859762
457.82235080826786 934.2470611675315
502.08455150558774 932.1421185252544
534.9611834327069 922.0756901080823
560.0979540097081 910.0290358608814
617.6875901012445 877.3011667318326
385.7245286197727 979.409988330497
417.08519927723216 828.180559393526
634.555431166774 1052.3309186360193
562.7169693792853 960.097490972274
355.55164706319397 864.3377449330108
578.9935850012009 895.7469812265279
543.171977603712 1017.3943741510141
444.8631059036737 854.7070335059311
576.6116813818919 993.4392439660554
361.50510812116045 1057.3077133343027
560.1343343013839 860.7348148013975
602.8987273117747 978.9396277814468
428.00440561494713 1204.4094117122481
428.0303654210675 1235.1859576375982
361.0247785817198 986.4303570809034
398.8791484877528 1162.944041087649
380.6929697470431 812.5636389417292
526.3006630429973 1316.1657716094855
631.4287370535618 1057.3865026855324
539.1909864904974 979.4729406262031
389.46542808948135 869.7211560318618
487.20629191898524 867.0524142129455
508.2384880803962 869.1278603393099
521.0132721091072 1164.7342222513953
385.47048815086555 1037.0271759572015
567.6239211826373 1357.0315117193231
495.0125153086924 1310.286660672747
463.85928543999876 1278.6980697254253
642.3024223227981 691.4592590585075
615.8958150323331 1362.7758097209176
527.5948142227569 867.8238767801377
544.9421804393685 864.1324571007864
555.2359748282266 862.3470270536974
400.37311704842466 820.4962220902936
541.5719760321261 844.7906611898449
522.3604397943238 838.964802352304
502.44542937376764 837.6915030882086
481.43261165917886 841.0119397419201
467.5366199478198 846.4907691003007
363.9875237221945 798.9328832157826
472.2419262148991 863.3453554412647
636.283403613601 1087.8187906164392
546.0376111314324 1090.4548685083382
575.4807844758327 1034.8541339761728
599.8729473744669 1087.7683100019578
639.8530597706834 834.8374677196664
459.94940957031105 1246.8184728828578
491.7167168246259 1281.5279535842938
570.0882746087088 1339.853651482484
399.5795148063938 1188.671139822502
554.5571807428406 853.9719961664432
601.4118885570092 923.4008557290175
620.5482876094914 1345.8917268640412
528.7745228769438 1338.0767338527394
365.7991708398756 1049.12510267166
576.0040025400328 1164.7326385458427
572.6478749290668 1172.434396610151
569.3359886778271 1184.776016016479
565.8520730071563 1200.7653052362734
556.7003272720569 1226.065595324766
532.4716014626592 1150.1991706550525
525.4136420620405 1147.3981894225144
518.929906260182 1142.425353988112
499.0679123450829 1123.2708312587365
416.6102445145516 1053.7756540261576
599.3029285330358 894.0688472306111
581.6054705648719 841.8309134756829
565.7716341712903 846.833443389192
538.0090840498779 1146.7181858509712
409.01133394273506 1122.8099729430005
606.6387675484639 839.7083521091358
543.5979378027288 1254.7273004481372
647.9071810272862 934.0196014575743
621.8141023811618 908.955085533189
644.9102859446757 903.2044527093851
581.7829844503849 968.0223535562707
623.3981990011106 1316.7715389832624
624.457980663643 1278.7691385120875
583.293406409302 1275.1937252644461
486.4625983182984 1190.594154289452
522.8257053335933 1039.2025934965582
512.4158230793379 1226.5078451002619
471.0371718322721 1032.6317991598273
499.90191682058276 1066.5355696615015
447.0419014624215 1076.8284679726607
574.9869997129381 1311.3974321545315
562.918249284486 982.4578296660088
467.3413729553091 1213.747929464918
498.93043506196676 1251.8301091032931
467.0993251855674 1151.4221872678604
388.46721869949357 1086.4884779524589
439.08302710010526 1155.8078638687266
376.0136415676378 1107.936998174424
477.8475989970675 1100.3126437189871
582.200717950279 941.5578419236016
587.7906685963464 1027.4269508620046
565.7244677629873 1032.027417528409
602.8625298356351 1009.8798892682721
564.4409198843191 819.2722156615154
528.0715971407981 804.7009368006625
495.82037716253586 801.1890697383099
467.68268956113076 804.1319905809781
446.91191961628374 814.65017100696
430.1281736973412 860.0187819285379
360.67978738362336 926.8656075511875
448.5775519653147 897.5628976054998
473.63516341520256 906.0642290105545
504.7253219239559 906.8887457137506
533.8939063331961 901.3148940222286
556.2156832859653 892.818511697025
571.8433037548725 884.2443298365617
354.8500010358006 926.376044572315
563.5964949232639 1038.3895586586168
603.6548523689135 950.3008863885849
609.3793552495201 1031.6006088820486
620.3634611025359 1045.8933535288804
606.816647065049 1035.2967796780567
568.3756586669108 1046.8873267261788
626.1625527218544 1049.5321149986157
623.203134824136 1054.6126424105785
569.1646905205403 862.8924156532905
584.5581242877562 869.3939228721059
594.1758668242692 874.254711138679
459.05087121058244 850.6563106293888
448.0451931243117 839.6586633474305
666.65619395886 938.7970472194545
786.4683774567326 867.4916945405306
664.8082945203785 1049.7617523037075
836.6953006490402 764.2230065879585
724.7546056872477 888.1820157293045
746.1200745708937 891.1162261914347
766.231611692713 890.8917359293881
792.4875789814658 877.5117995702961
706.7472753854643 880.9373546800454
759.9111301645551 826.1963742996162
736.2708875657305 826.6188277557075
780.2301629198009 830.5432501144492
792.6400471385388 839.5280076393611
804.7128195087843 894.9161297011224
705.0735991528467 1284.7306021375489
793.5173788960844 862.0429555876448
841.1366212820506 881.3313014361943
823.2526914671068 876.8403084160966
746.7981373941356 1005.3000107740484
667.1534522169397 1128.0063088234797
660.1980523320498 1157.582801866531
697.2224031412691 1132.9421251405956
713.4428943936148 1139.647336486083
682.4355513226959 1155.331168497467
697.5774309122951 1154.1140907804802
731.4026926560229 1179.1653431708646
669.7212792364204 1038.3998527447072
674.869913178442 1009.0524031171653
823.5932768107841 807.273072580885
702.4231395110673 934.448785662263
717.5434468674117 1024.3347657710265
717.7705037631965 1008.2344191993727
803.5817397871889 999.1936380905462
671.7413909098692 970.9446862267582
783.2669117892724 777.7716075883766
809.006059557587 787.720841794674
828.456352885482 715.6376917263486
689.1448814960506 796.834473358909
714.3403358601269 833.4893383682222
749.5010650947636 1148.8997402493433
802.0883196731253 1130.9573461571035
698.9101561701632 1040.40620971635
678.6942313772543 1050.8258044716977
729.2083577767102 1150.2298549501293
719.2467392168708 1149.8751049064017
818.5674949089939 768.4330898357067
716.4246157867324 1035.2997491259675
744.7584644583285 778.3690605080033
750.1968610250032 753.7349165674713
763.7959603058027 645.4250958785515
823.8364214737422 740.7117098840479
755.013501953542 697.2579969384642
831.6658624365289 794.282331861285
834.1656820765957 780.8388493169048
664.5686233526055 1145.8621929999217
689.2587755750153 1147.0675908884596
705.6611682857393 1147.5500271923465
692.187846093748 1045.4233889062184
724.2981152937091 1150.2108504835014
714.7575209134129 1160.7122040379895
716.0540486951413 1149.1339307078983
690.5086853950488 1033.6041943689747
692.0790708497932 1151.438024323384
675.8763127044452 1155.5132946359881
655.3411919855779 1159.2332210152817
658.4070085252825 1242.6062120399752
660.787266804767 1213.5210636445427
660.1028054377632 1195.7663386602571
657.7507007508317 1179.920968682533
655.0856158661677 1169.137715539725
693.8355625202453 1160.3360739693044
697.9512886835352 1164.1058870734973
703.3982775804045 1172.1089451191415
706.8512974254816 1182.0500628344835
731.4606451809535 1106.6763685547476
821.3610991155072 998.0040772575317
703.4754257366214 1156.4140271688912
709.2023052191967 1157.4693689563437
669.8337107910966 1064.7198512457235
705.5545868282172 1051.8334371293852
674.250534142275 1058.0540345758511
724.1652083989944 950.3092008427348
757.8398301410099 968.4640094421843
719.2865930037315 1019.893065586246
806.7539549688797 675.0251465416942
799.4040391571751 711.5216409957717
790.7360233304872 753.8390452075389
712.4831128293064 1203.0820684961786
698.9772494718966 758.4486181808692
704.0924281708195 693.0384114574019
710.3995641648452 629.4767850399239
783.1557599433486 886.6440396747713
822.5393452454056 913.983746588312
695.5807196274618 873.7259514473858
810.431655107773 845.0129738567571
688.1730341063626 916.318722462069
706.3121744096445 1015.6895151239013
837.557458717093 932.3002911172961
812.3875985280652 932.4137240274837
789.7292581734118 942.1335188918836
751.4259298739258 937.8579098269065
722.2845849795583 926.4037594194813
700.6414192966392 913.2093145732092
662.7382742055856 878.3470062859707
835.9963968546878 988.3915784443041
824.2951056537136 839.5818536281413
659.0768446494017 1052.6231123104294
703.5172904943788 963.0087377038951
832.1128464221924 877.8821887063538
684.665352416004 898.0655261551792
717.3213259911004 1020.3925267248208
798.7938008978113 863.5785560838494
706.1213149899992 995.91457574439
814.4303793279853 1062.5808589340709
695.8887638057208 863.7189119884271
689.9372040293292 980.597965457959
780.8535638977612 1203.1830297251413
768.3043742405467 1232.4710903944697
836.878481816171 995.2486275596237
802.3850292881486 1163.3253181993791
836.7397248243025 827.2141030801998
705.062447405147 1313.6437205173565
651.2984092211755 1057.5812984684726
722.0279119669319 983.1427823174034
834.6497776160792 881.7757288068245
765.7447739201887 874.0983202153838
747.0442071056705 875.2930280914434
719.6858621344838 1165.598727519788
830.6338687354773 1043.2299567162033
661.8092056513353 1355.297156176298
719.7944545629026 1306.6005859996349
742.5107474424865 1275.0543591758387
728.7997650536189 873.0887079257559
711.4213201958773 868.3815390977614
700.5834667717086 865.8315751952719
833.2857909015452 833.382636206632
716.4169375342178 848.6307512279236
735.9566276592456 843.9257599950637
755.1268475858984 843.5478482576324
773.5789680869128 847.919073545333
784.3970774331873 854.2711185526447
836.6411872503668 815.1058822796509
778.0263216326132 870.9782223140455
714.3024930441627 1092.3618479565707
700.6562273550599 1036.7330026508507
670.9174412888526 1088.5633301892412
755.4202665212728 1244.5385307770453
731.0286520692467 1278.6557056018996
668.9379146644087 1338.3354717473558
786.5157266805718 1187.7038916563993
702.5569604834624 857.2524442549576
678.842677592534 925.1015575290553
694.7701155405773 1335.0866977698884
829.3687852259511 1054.9052320113765
676.6174468876272 1164.9852395814437
680.845056158985 1172.8129022371645
684.7351879507785 1184.9351784244905
686.6520088463542 1200.8840831527004
689.3991779067085 1225.662938188079
711.1664753386116 1151.1798803183501
718.3732465855821 1148.4968851494623
725.0116443309462 1143.7463623819722
744.9707132956927 1125.3349934830408
813.9014939821674 1058.8672673769868
674.8704616250502 895.7335197293329
681.5401208270803 843.9115066450925
693.6437890229197 849.6140344127435
704.9419719668844 1147.782633945349
807.0117248747226 1125.2583817269451
666.9258468745466 841.0899372403736
697.4445240175804 1253.7319415084803
665.4198124884949 909.9623222644884
695.328799818773 970.2589417225875
663.4006148927264 1274.5917191913563
745.8860706847386 1190.9449450692991
733.2116523853239 1042.2730026361912
723.4908018864738 1225.951370561802
778.6367427075132 1037.1976222672738
750.9897320048898 1069.7572226813845
792.0510154813576 1080.6422289059315
669.3382806883774 1310.363470392036
706.74654412332 985.3593762011217
757.326849746829 1213.0788138690468
730.677646240014 1250.2466015141295
765.4639692568024 1152.9540264633783
822.4089977681958 1090.5217800679252
785.3385774438897 1157.0382051197143
818.8978425826521 1110.9212933246472
764.9433106101072 1103.245864365147
690.546893842085 943.7991812065754
699.0662806379572 1029.0354018136177
710.8039521306071 1034.2574729093221
691.8724892940468 1011.2919607313928
701.372681440874 822.3388635004615
738.5505973003826 809.9590371976833
768.9667149276875 808.446796358376
792.366920727667 813.0419180185412
806.7137355509469 824.4612269038145
809.3082536386921 870.0244356451383
841.4525265283601 937.9923268356629
795.2863020229886 906.2227975289843
775.4076718941081 913.4712198789304
748.6080112011168 912.8187331913591
722.2562485714693 905.7542186486806
701.6942539688013 896.2179356651602
687.8258674033871 886.7493560940031
825.7945586804672 937.3115314113431
708.4008419091152 1040.4424369808603
681.940486851049 951.9380420033344
684.8792465931928 1032.5510301766572
669.3865439898968 1046.2338502226373
682.6995369567646 1036.1329762097016
700.544527062528 1048.5426949547805
666.0353523984045 1049.799365310576
659.1633163979575 1054.9137444287203
688.5176413918332 865.5001848084411
677.5048334996563 871.3931531687632
673.1589425764685 875.9819400067189
790.0524760411637 858.7613197199662
800.4607129555945 848.7538843346194
