528.1320854709409 1040.2742177727043
534.2015524374078 943.5856524192201
527.4741862309222 966.5968400568612
556.0442963504433 843.2747688523368
535.9585999430462 914.2630751391819
536.2995743632914 873.6337208645606
532.0800923415732 772.1853727194418
707.1149188651596 770.2801552176778
532.9693161285005 698.5799399948398
534.6356681069369 659.0307796397038
537.0469462694712 518.814475534428
527.7949834439921 1055.6239771787652
526.9438721595069 1066.615052214616
525.8850783082378 1069.7877651853007
525.5985212043139 1083.2903929890415
525.6631290293095 1097.802696392241
525.8858935489318 1115.7331002150045
524.9067894754962 1133.864460868827
521.5025481477294 1158.4996079688192
532.852532899092 957.3742258963644
553.1719995754797 951.1249983568812
780.5065547177728 651.3520275433771
637.2659114481114 793.3549316294472
661.9083957143489 797.11889791342
684.8519183743922 796.1589519962924
715.0649423023985 780.986915061513
615.7119665509081 783.6321673032112
672.9253546422326 727.9055744274802
646.3385213209212 727.4200985942323
696.4611496664313 732.1118087879217
711.5895712240845 740.9467759984448
730.8349582861913 797.5521983422551
612.8865461158466 1200.118053015377
714.8503301897158 763.7074809328694
785.7562971664718 774.1464342087415
754.6469160954659 775.4822060857807
654.3374591997972 913.4331601127395
561.2386024319537 1035.584138060403
555.4787231190147 1066.6405284863017
594.0962671711379 1044.3793622870958
613.9518618926672 1054.5602918833324
579.5843713882854 1067.3724108192966
597.1183644236152 1067.7718787593328
640.3397764846545 1098.855172128132
555.7151429202606 943.2077883575736
560.9923997423805 915.7013635334853
748.9777323097292 706.0459142700452
605.2925790516908 839.0255305452895
612.6162938258017 930.7698649001331
614.5851001016938 915.1233578814739
724.2092933562762 910.9002072766331
559.2920114649717 876.9782458114954
696.8498156672724 677.0461723048118
728.582448248804 686.5857112850823
764.9328079310487 603.3107086895246
588.5000474275096 695.2345998072109
621.7445438759737 732.9541562349468
659.439643082891 1068.0602701548178
746.4005526659757 1033.4586017610984
591.8076827330433 944.1791476444166
569.2713727996287 953.3921827267595
634.1092994811322 1068.710832228591
623.0943786549835 1067.2586847424905
741.2005398996077 665.4377562534667
612.1028959987859 942.6746209437296
651.7990034890067 677.2383652984107
657.4559586643343 652.9289068556524
679.1568506966223 538.508652598555
753.245924962911 633.6054604970996
665.3637933956613 593.4363095942136
761.0822223233436 690.6576347411951
770.556542048098 672.3997079696367
559.203965470025 1054.0699246059207
586.1548037611853 1058.4815996212378
605.7629729321006 1061.9286410854372
584.2858644703022 948.9048941370784
628.4704834112449 1068.4350770638619
618.9075062610234 1078.3033618539682
620.1474873565232 1065.5902946623194
581.1141705504849 937.4212099119077
591.7970846040218 1065.221194438133
573.1992024630858 1067.4054280674015
551.2576106159087 1069.1842832616032
557.0737415367303 1157.6904815800724
558.9339169901536 1131.4811047000605
558.1410954152859 1112.9751409473674
555.4695516612078 1094.636912967455
552.8092174666713 1082.3752853100814
595.289575736909 1075.2166567764953
599.7642280958339 1080.3547112501233
606.2354049142455 1090.0348792501002
610.5254052559903 1100.3810988970354
633.9890514787744 1018.8975877264354
772.0321277041496 890.1737316837902
528.7435159914044 958.3508842477179
606.6896977909496 1071.6314320146714
612.5041982303835 1074.0096929291008
560.2784527046526 967.1876857498023
600.5460439213332 958.0349784788118
564.528506252394 960.5905542441755
631.2135645362173 856.5038834032571
670.2291498571624 876.9317770919403
617.0829975879606 927.0118091111914
733.8352478501054 565.099969743683
720.3138695104035 606.0252563902086
705.9576847000958 651.888863540344
619.0505810028119 1121.6696829483576
598.449856287011 656.9131919371654
605.7558395760286 590.4093208975727
615.6848597978342 524.9821790045161
704.2632069177182 791.201473336375
753.1800942768743 816.7072974975069
601.8096669969575 774.1095445673402
735.313279228239 744.8375122103271
588.0329145098756 819.5217121832001
598.7912383276032 921.3994883638576
774.184770756528 834.2207057053145
739.4665229435736 838.6032358658227
711.1089868350002 850.336587553516
665.809526245079 844.9661894821122
631.6334134936021 831.7723340912054
605.6368144347116 817.0093441746158
556.0387934757592 780.4557857494036
770.2634630186226 894.7425443428665
753.425685535927 738.1005669256875
545.6053430745712 956.4293619320749
603.767671333655 867.4054857729466
783.4102382594538 765.3400004225067
586.1177103096106 799.594376280603
616.5914074495081 925.8763826346908
722.103934264147 764.7762614826395
600.3591499922447 902.2928960298958
762.9250739120205 959.5325756336001
601.7091885814282 762.6370699017115
580.8481982740833 887.2445718704233
708.5099995026837 1117.4683400320798
700.103848897179 1144.1012344525993
780.4704803170655 893.3225988641769
735.6707622725364 1074.3626921495816
777.8433671808077 718.3319991482374
614.4960350558797 1228.061039231076
538.6912867491708 957.2327816359638
625.5396931164903 889.4067940009555
771.3132892222582 778.7052601693168
683.7764120888969 778.3308608806198
662.7403488425261 780.190221093349
624.7713287624413 1083.835381392948
763.4941119163984 951.6123084816904
566.0391472582855 1266.7898636379234
637.2227036913321 1219.0330637862598
666.7869998371266 1187.7186496807255
535.9596189939136 588.7158621660625
513.6356792612735 1271.4889109978585
641.6757521718671 777.3764178381764
621.5651909233045 770.8269779131456
608.1787349184517 766.0152235272718
767.1366073369725 729.4859185127048
625.0750059209381 750.4914102330523
647.3818255990054 747.6678240895523
668.5041005487615 747.9219753758915
689.5032741537309 752.1583736420091
702.4796640895263 757.5958252604905
785.0256376945181 701.3676555478061
697.6862526192665 774.2927699133057
527.0891888132037 989.3964727344219
612.3745749600453 1001.9297793530548
593.1736185157586 940.2077026038331
563.555516484163 993.3061632924387
531.7961847699047 734.6834855569908
677.7032765393071 1159.3594830907641
647.4727249363809 1193.5341691710266
571.4509187949074 1252.4748484826603
724.6248623000176 1095.69020394404
608.9943832327499 756.935072678043
573.2566769320093 828.2150313231491
516.8479314056148 1257.377298395736
605.2552817899425 1247.3247692087969
771.4168247903899 956.9201368298335
576.0731297194375 1078.831434013475
580.6676224603731 1088.0656653538608
585.2859609916069 1102.391890068666
587.7528793315033 1119.0641736904893
592.3449263503571 1143.012276695654
613.1166478017144 1067.1351757773568
620.9678233048116 1065.1103217037555
628.4539747871925 1061.060409746379
651.3930136234189 1041.3303620917181
737.8439901524371 971.4479298062181
571.4598864425409 797.637390994773
583.2323696835438 741.7689462382946
598.106843765031 748.2441992601757
607.0846819071689 1062.8468059169998
733.8065106156437 1037.824827107728
563.7625876204268 740.6406531178661
603.3859348787123 1170.4008992394663
534.7557122991212 838.5700148075442
556.6176143684646 813.494433922645
533.1333833181582 806.1821325182494
591.1489682523307 874.8622885903451
518.9396352161202 1229.826646764001
520.1891953897739 1192.1464256997483
563.701240758207 1189.6709473325652
659.9139093565973 1109.574772012897
636.2631653945514 950.3287120090642
634.3371592550916 1144.0794267640363
691.51630723727 948.7322669201342
658.3906321199493 980.6350809965281
708.8287586140186 994.8879340488777
570.570051225093 1225.400093606019
605.1625481610056 890.5917463496137
676.0030920720719 1129.9258292661752
644.5329669939927 1166.4043855475438
680.6605621566155 1071.3198062594086
754.7449487889137 1000.0753105844892
706.6078391535218 1073.7838712568762
758.1938245446745 1016.7649180710591
675.9904558413157 1019.0834626046565
588.0634860358987 847.2425453097975
590.2615787569648 934.0931935890253
604.5961596888828 939.7951908126937
581.0858409363701 916.835974769292
605.6451706518246 720.0582713176791
647.1250247804105 708.825477416072
681.7825371616657 708.2297402789671
709.5999763104965 712.8896560855925
728.0688466116148 724.3967784807143
736.1709124382755 770.1242404349596
786.2258758061878 833.3867144754022
719.2880929072394 810.7421813398656
695.6444823012657 819.1577072133508
664.3956950715942 818.8016508402676
633.6005892881067 810.9082866312582
608.7983178458546 799.1064547252731
591.8449799947916 787.7652338113704
777.3101997669635 826.6762645133161
602.493450129009 946.3811127587788
574.500326610632 856.003733237518
573.195126259616 937.3305143847057
557.3562224371844 950.2995671542554
571.8295980972478 940.208925464874
593.994769704741 954.3009722903416
553.3081447713696 954.0309238104703
547.1367727181587 955.5405457654945
592.4941153973502 763.7879859513971
578.8496357128618 770.711417544778
572.1279761912339 776.1478501123919
709.6574507794201 761.3353343236448
722.4667163729553 749.8736615972108
511.36931013208897 841.0192016623472
343.4048623369683 750.6728012874565
506.01603211525816 948.8993912623941
264.80948399181216 628.0956562670301
416.83848308532004 782.1404806434539
392.0243906530057 783.4640239100837
368.0538685287574 780.1633181504486
335.31278320880824 761.0993221427459
437.49607083952395 774.4615247369537
387.16942851035265 710.8839601682989
413.55795453286026 713.6812547994191
361.3682834078368 712.3414067189102
343.73258909593665 719.8534420933239
316.9786314323654 777.4192179746087
422.5502631973159 1190.0031579153504
334.630834368318 742.824071506441
251.1236308421057 749.2985092876282
291.41023754797266 752.7431050297457
397.44920604073076 901.9859579086232
495.3019351051775 1032.9930993248524
498.6904830495858 1064.4275576225714
460.6813123653237 1039.000607998579
438.79841784811106 1047.668858487189
474.12422378823265 1063.1274525258925
454.3401664375975 1062.2304839523727
404.391591980246 1088.5949603744089
512.8243109606185 941.3158185170863
510.8797580953713 913.5124422702263
307.39690374618294 679.9315129308787
449.6983897364126 831.501877990987
446.4105240177073 923.6167392412315
444.25523143307373 907.7894525986886
324.15967908503484 892.8544468956754
511.444108465759 874.7675168596732
366.44071100560143 655.5054750688852
331.4114488679046 661.9122478724745
288.52006662079407 581.5056696585842
477.077840822418 687.668147116476
435.6605564170927 722.1516056095725
385.88766632928775 1056.3666614509548
270.97794155954216 1009.0727145032822
463.9803876435709 938.7149968932084
485.78481524399075 950.0070995553004
412.2982038505321 1059.70242256043
425.3524492725998 1059.466002759184
318.20414200554757 639.5630356783216
444.308425888354 935.6439851990941
413.8763060238482 661.7465502014289
410.68626918841704 636.9353111115435
390.31381186692255 525.2314388466916
304.0144701069793 610.0435777706944
402.94229783657426 579.2005765964371
293.3456189554129 664.044509907504
279.2593603388723 647.7788275817888
496.67378138292395 1051.7108218477993
468.1089703279135 1053.8481791371662
446.791445231956 1055.7906939006784
470.07818422415266 944.0470786519965
418.90797158691527 1060.0550141605638
430.87060971978224 1070.6537546124503
428.87062048734634 1057.9474131565264
481.5840837582335 932.6434918250064
459.81756485008236 1060.2302909097634
478.7668157301115 1063.6593970786957
501.1245879515507 1067.1194823939982
486.35792945183846 1154.412602559868
491.55610792664504 1128.471847488513
494.0819274066795 1110.1387147629378
496.2349780794047 1091.9535482233143
498.80257864500413 1079.8058504529204
455.53469786440957 1069.3858515231827
451.7185561760238 1074.17620584084
445.82884978257306 1083.333600745821
439.64687960034087 1093.122807188614
416.82217827144103 1010.2071219289153
247.33255780505897 865.5934095204664
442.7757733837257 1064.8688066481725
437.3489198942658 1066.963975231627
494.15896765225784 964.5803422003729
451.0879674992525 951.9194504131366
490.20994173075803 957.6467200983175
421.8760591434182 846.8903613300106
381.21185332913046 863.7799065967719
438.73075287051313 919.4302744676183
328.2882617693774 546.5434610679649
342.87291778416505 585.480987092464
358.02273941003443 629.7000499527261
425.69057035041607 1112.8838339896452
471.23032313487926 648.6637713550729
465.592729926033 583.255787618324
458.35787638756267 518.0342901903166
347.1676057599002 772.8561120003901
292.2919203584809 795.2652443855484
450.4345520830506 765.9428709156837
316.73039064105717 721.8153188233175
468.8891556720248 813.5380492997715
464.9020172480828 915.3921835003044
267.7204027946518 810.6816497183398
307.8179755646088 818.8589214990177
338.90738323861274 833.4590670869904
385.4859564773433 831.8840220662767
420.58859027749577 821.695959113968
448.19223255433775 809.1899630585825
506.2094479698981 777.7728286256101
269.5640492430051 871.6854994161905
298.2686536960109 713.7505502584049
520.1983668475809 955.2902668724515
451.24490133283814 860.4270254327239
244.56681298879468 740.88339103449
468.26733083271347 793.4160746814935
434.04984461601856 918.3859511386668
326.992029065995 743.241067121397
463.0412303641391 896.2937435732822
254.73337396780036 934.5352578553203
450.1172196429301 753.9309107208327
487.3720888751138 882.9146247346749
320.2151369873518 1096.480783606999
321.3951978918462 1122.1969398671704
247.8894283420797 868.1622329471068
291.63993161349345 1051.230645079062
264.66469724456636 694.0734932488508
416.5771984429087 1216.7679175181163
518.6903753739446 956.3439654693835
427.54626198002256 880.648459415664
272.0970632221637 754.7025360376575
368.6426761199637 761.9302562200556
390.857985030135 766.2365613756797
423.65613719866076 1075.498118626082
273.05264760157866 928.5096100761532
460.6358626966359 1260.6119696591609
386.03807823732177 1203.6095250973965
355.7549436096356 1168.900856362596
412.15757483082547 765.6218698924404
431.5541890416604 760.8563804159484
443.6091531831173 757.0335129918376
282.0764856998729 704.5426104303991
431.0263206923269 738.8838094224012
410.93308330851073 733.6434422416827
389.18368445493263 731.1761162814392
366.356129783604 733.185276971682
351.3972782902927 737.639955933605
250.78512252495983 677.3741028739537
353.6012815063899 756.1010814481309
439.77507619946465 994.9990105934285
464.4917473688518 934.723578455623
491.1857848414177 990.4479294194455
351.0681248601099 1141.3122960385922
382.4693620995502 1178.1950078939872
461.65552499459545 1246.3214117247164
294.1192823739726 1072.238378711318
444.35244888582736 747.2936286110287
488.3161375987093 824.0393684887308
419.8448869544387 1236.0764857340048
255.38603528636037 931.6629610803567
475.20115674494224 1074.3502597289987
471.14370381114696 1083.2799986701937
466.796432810652 1097.1470390641307
462.3863882767227 1113.5115693239875
452.3593353614695 1136.2875600214236
437.33322651090725 1060.2951025449324
429.185507205385 1057.517781310814
421.8151199015454 1052.8065053404698
397.1388031465088 1030.863283011905
305.18128335019696 951.5501463787767
487.7061337494603 793.2548608342646
472.0726705819044 735.1506184746249
456.0503376033337 739.8156295355874
443.5565701583575 1056.5429572510218
301.17519058012056 1016.956295823964
496.9499441679999 736.679806206304
436.57362599431815 1161.903849296586
508.57283074166276 811.1324778220949
468.8204716435594 869.3147794781804
476.46049980692345 1185.2890286025772
380.484251009779 1096.518284678921
413.42710840148106 940.8706970981889
405.78218879395337 1132.912667358639
358.61501177419 933.808470776663
390.8669526777685 969.232717030579
337.3710621508617 977.9888097039624
466.55512156524236 1219.9039446575734
451.4878430596356 883.9436623006148
358.7556407938966 1113.8547856561408
390.16543806062344 1152.8901405639142
361.39294443882886 1056.7797846726148
279.24515476978024 977.2697674118973
331.7102345822377 1055.6586249082582
267.58250483126994 992.0814679599505
371.7469088723565 1006.1038117060853
470.0516889015992 841.5393252250882
473.94996608990056 928.6746963166784
454.40762760502196 933.3252368553232
486.6860638311538 912.4255226150159
453.11282157285393 710.5548067381161
413.4556418257694 694.2416366419783
378.686033849096 689.6809763898416
348.9961906364328 691.4912183507603
327.7196313853464 701.2457770640603
311.94125918444064 748.2641726571776
246.09638795980337 808.0950948066061
329.58795924570916 791.852035410148
355.1153872852308 802.8950820402381
387.80042480747085 805.4390406257129
419.4338018345138 800.2056029908929
444.2167113102845 790.731894696659
461.2601332580291 780.8167335666506
245.36106123487667 802.2392209019544
453.8901535745364 940.0627935704832
489.16174600851025 851.8798381871657
494.023230076715 933.5109079233706
507.51057211744427 947.7810848404666
493.12279673024585 936.2829300929783
460.3215874091177 948.6992496720293
512.3602351955867 951.962658169916
511.14348845986444 953.8827538143447
459.3068165553219 756.3059106724861
475.1787376258586 764.9702887677998
484.40298226774337 771.4098750093207
342.20421660495157 740.7535639539783
330.0047510504918 727.9469478926983
