541.0507 1144.136
542.314 1083.111
538.5363 1105.067
547.466 1023.512
541.2349 1063.756
537.5049 1039.939
526.3692 984.9053
637.311 982.099
521.2307 943.0698
519.6213 917.9491
510.367 828.4851
541.3647 1152.89
540.8582 1160.306
539.6558 1164.039
540.4457 1180.184
541.5107 1187.602
542.3038 1197.202
542.5229 1207.734
541.5917 1228.164
541.4827 1093.672
552.531 1092.787
682.4374 916.4269
591.4866 999.7388
608.4913 1000.396
623.9476 998.5323
642.6977 989.1837
577.0462 995.2321
611.5113 953.8832
593.8456 955.2133
627.5127 956.1405
637.9455 962.0533
656.0829 1000.334
603.2892 1252.314
641.9878 978.2471
694.0399 994.4215
671.6346 988.2865
611.4879 1070.265
560.1934 1140.417
556.34 1159.274
578.3647 1146.255
588.9051 1154.918
568.6826 1160.721
577.9014 1163.639
607.5715 1187.209
555.4362 1082.023
556.4373 1063.437
662.2675 941.9633
575.1146 1026.576
585.0934 1078.132
584.3952 1069.029
658.5516 1068.474
552.2128 1041.465
626.6579 922.9252
648.0093 928.8737
668.5889 882.2656
556.3907 938.7885
578.1274 961.1848
618.0396 1168.678
682.3231 1170.351
573.1671 1088.947
560.5615 1095.534
599.1965 1169.816
590.5179 1169.226
655.6929 916.6757
584.0913 1086.775
596.7913 924.6342
599.5157 908.7958
607.3185 836.8722
662.346 898.2794
602.2146 870.9595
670.2467 934.1223
676.755 925.9294
559.0064 1151.141
573.4223 1154.849
583.6586 1159.474
568.7493 1092.609
594.8624 1169.728
590.3089 1174.655
588.1146 1168.412
568.0602 1081.99
573.2825 1163.302
564.287 1162.333
552.9993 1162.767
562.7871 1224.76
561.8248 1204.27
560.523 1193.395
558.2039 1184.268
555.5819 1178.277
576.568 1173.863
579.7541 1175.9
584.2918 1180.23
588.3187 1186.153
601.9546 1135.301
691.6075 1079.821
539.9175 1098.523
581.8494 1172.404
585.8781 1172.817
556.6971 1103.985
578.2635 1098.642
558.501 1099.986
592.7263 1036.921
620.5792 1047.992
586.0877 1077.557
645.3618 854.9839
638.972 879.1896
631.6556 907.3746
597.2345 1201.156
561.053 913.6348
562.4236 870.1423
563.9454 828.9225
636.3951 995.2031
673.6613 1012.762
567.7967 990.3483
655.0354 966.5983
563.233 1014.526
577.5997 1070.766
689.4494 1025.812
665.3262 1024.732
646.436 1031.235
615.4458 1029.408
591.4929 1022.812
573.4667 1014.461
542.1664 989.5839
690.3287 1063.885
667.5786 963.2599
549.1215 1092.42
575.7348 1043.38
691.8133 997.3368
560.4379 1004.463
585.9673 1079.71
646.9437 979.5129
576.003 1059.692
689.726 1124.037
566.7815 983.6322
564.6828 1048.39
662.2695 1208.97
659.0219 1232.913
699.243 1072.057
677.5824 1184.725
685.5107 957.5636
607.9238 1273.262
545.8429 1097.471
590.3065 1056.716
683.6898 992.0637
622.4943 987.8005
608.3321 990.2593
594.7128 1177.72
688.7202 1101.28
579.3528 1305.302
623.2302 1274.96
640.2971 1257.087
515.284 872.1904
543.4155 1312.87
593.9127 989.8114
580.1946 987.2489
571.3229 985.548
677.0625 960.0216
580.3862 971.6205
594.5184 967.1957
609.0101 965.6937
623.5624 967.9438
632.6507 972.1177
689.6157 952.5187
631.5288 984.8254
538.666 1117.602
588.1034 1124.253
574.5163 1085.74
559.9041 1118.04
522.687 964.4434
644.6451 1233.262
627.0243 1252.898
581.226 1289.093
671.6999 1206.791
570.9368 978.4269
555.8902 1017.251
545.0977 1296.786
604.2392 1291.647
696.2592 1113.128
567.5959 1175.727
570.9807 1179.932
574.4614 1186.931
577.4291 1196.622
582.6802 1214.34
585.2542 1166.517
590.9434 1164.838
595.9778 1162.13
612.6704 1150.392
670.8985 1109.05
552.2871 1000.79
554.7755 970.0553
563.9276 973.4769
580.7075 1164.749
672.5073 1155.437
543.2719 967.748
593.2208 1232.579
533.5143 1021.017
545.188 1007.257
529.9915 1003.483
568.9646 1045.424
544.959 1274.771
543.2048 1249.63
570.0402 1245.026
624.7673 1195.125
600.0668 1094.169
610.8261 1216.114
638.1177 1091.271
616.7048 1112.238
651.4946 1121.571
577.8045 1268.096
577.1707 1056.469
639.5312 1210.355
621.565 1232.364
635.7532 1171.157
685.0616 1133.497
655.3915 1175.041
690.0389 1150.851
629.2886 1136.742
565.4339 1030.06
573.3803 1078.708
580.9918 1084.053
568.0703 1065.944
567.7585 954.6395
594.658 944.4358
617.6423 942.3289
636.2591 944.7711
648.7729 952.6412
657.6305 983.7028
698.7548 1032.792
648.8781 1007.714
633.5852 1012.827
612.1617 1013.79
590.7272 1010.454
573.9142 1004.594
562.5369 998.3568
691.0172 1038.737
579.1618 1089.38
559.2408 1032.312
564.7408 1079.087
554.8654 1089.268
563.1816 1082.608
574.151 1095.421
553.2787 1090.968
550.0364 1095.83
561.3943 984.6165
553.423 988.2863
550.229 990.2163
637.8997 975.4237
645.8913 968.9702
518.441 1025.131
388.5898 994.2976
524.2156 1094.747
305.4174 933.1844
442.4036 1006.63
424.3706 1009.631
406.7817 1009.862
381.6599 1002.331
457.2112 1000.507
416.091 961.2653
435.0914 961.0773
398.333 965.4053
386.1706 972.8151
367.4047 1015.656
474.3542 1264.107
381.5255 990.588
304.0583 1015.001
343.913 1005.124
440.7715 1080.998
519.2832 1143.455
522.5111 1161.995
496.7834 1153.041
482.3465 1163.596
506.3848 1165.888
493.5015 1170.56
459.1777 1199.147
527.7042 1083.652
524.2716 1065.455
354.7712 954.6221
471.8642 1032.263
482.2744 1084.975
479.1407 1076.117
382.8339 1085.449
521.497 1043.336
400.1402 929.9189
373.6221 938.8894
324.5554 896.1085
482.2534 940.6505
452.0845 965.7739
444.7405 1182.138
330.8716 1195.629
495.9601 1094.324
511.2135 1099.062
466.2535 1180.314
474.1658 1178.404
360.9016 927.2026
481.5766 1093.997
435.8648 929.2189
431.4297 913.2422
403.2034 843.5836
343.2924 910.7197
419.4888 876.5616
341.0472 947.708
323.7694 941.2117
520.896 1154.157
502.4155 1160.818
488.2056 1167.277
500.5845 1097.568
470.59 1179.546
478.4679 1183.437
475.2402 1177.294
506.4168 1085.946
495.7827 1169.562
508.7806 1166.832
523.5362 1165.054
518.0929 1228.464
520.7909 1207.48
521.7763 1196.467
522.5227 1187.056
523.1799 1180.813
494.3725 1180.444
492.0024 1182.75
488.4472 1187.631
484.8997 1194.092
464.1333 1145.643
302.7892 1103.353
485.3998 1180.119
482.4303 1180.925
517.5734 1106.914
487.5391 1105.362
514.6464 1103.214
453.4057 1044.98
424.6036 1059.585
476.0363 1085.224
355.5342 865.4573
373.3496 888.2623
391.6302 914.7761
474.1564 1211.239
475.3583 915.4583
465.2538 873.0767
453.3425 832.5255
391.1409 1007.934
348.0444 1030.754
466.5997 994.6938
364.6388 979.9813
484.2006 1018.639
493.8022 1076.06
327.5711 1046.308
363.5064 1041.92
389.3521 1045.966
424.4633 1040.136
449.5528 1030.509
468.2404 1019.822
508.9391 991.0315
334.5417 1085.703
347.8885 978.2413
532.8629 1093.391
477.1532 1049.346
292.635 1018.047
482.0298 1008.123
472.9584 1087.639
374.9374 992.4691
490.6704 1065.22
312.5349 1148.845
465.4262 987.9033
505.6122 1052.013
384.1278 1231.751
381.4322 1256.41
310.7208 1095.757
357.0897 1209.132
313.0195 975.4629
469.9035 1286.48
533.5298 1098.203
461.7492 1064.776
326.4514 1010.718
407.5794 998.452
423.3911 999.0382
473.8774 1187.177
340.4617 1124.124
504.1871 1312.762
442.0149 1292.188
413.9484 1277.691
438.3254 996.7715
452.1309 992.7765
461.0689 990.193
332.1884 976.1676
449.0315 976.8772
433.2431 973.6233
418.1516 973.7345
402.7867 977.7081
392.862 983.0835
295.5321 971.4613
396.4858 996.4882
480.4389 1132.368
495.8029 1090.941
515.2833 1121.428
412.5277 1253.573
439.9555 1270.298
505.1337 1296.314
354.982 1231.461
460.4487 983.1145
500.3928 1020.223
471.6863 1304.589
319.5737 1137.819
507.7113 1180.46
505.5265 1185.013
503.277 1192.379
501.1948 1202.388
493.7977 1221.735
481.9818 1174.753
476.9495 1173.891
471.4966 1171.944
451.3485 1162.674
370.1593 1129.157
496.6462 1003.422
480.8434 972.7094
468.7574 977.1508
484.6872 1172.321
368.4079 1177.493
498.6864 969.2787
483.0357 1242.405
513.5648 1008.847
491.2503 1050.168
513.1683 1250.162
438.6287 1210.249
458.1891 1104.05
458.7141 1229.27
413.1156 1105.87
441.6604 1124.473
398.9983 1139.029
508.146 1274.582
480.6609 1062.662
420.5546 1228.76
446.9549 1247.922
423.2145 1187.526
346.8707 1156.82
396.2524 1194.953
333.0139 1175.981
428.7493 1151.184
488.8443 1034.44
500.6747 1083.338
488.4277 1090.309
508.3935 1069.703
465.8484 958.2419
436.1949 950.0581
410.8034 949.7025
389.1105 954.475
373.2243 964.2148
361.6274 998.5397
304.9362 1055.024
378.8887 1022.309
398.8071 1025.688
423.3842 1023.822
446.079 1017.72
463.4235 1009.787
475.3483 1002.287
297.005 1060.826
488.826 1095.7
504.1844 1035.539
514.582 1082.26
523.709 1091.346
513.9954 1085.77
493.6483 1101.315
527.3455 1092.594
528.1191 1097.409
472.7601 988.172
484.5317 991.0065
491.8994 992.5764
386.8054 987.0916
376.1756 981.0746
