648.8304 1250.275
659.4667 1126.294
648.2352 1166.611
671.6224 1024.373
659.8633 1092.521
655.1351 1051.139
638.413 955.9132
800.3278 969.7784
632.8153 882.6637
633.0657 840.0204
623.7061 693.1715
648.4169 1268.372
646.1033 1283.348
642.9426 1290.771
643.157 1310.409
644.3807 1326.342
644.6398 1345.972
643.328 1366.827
637.5673 1396.873
656.0948 1144.807
675.2271 1145.064
853.1678 863.5223
730.7073 991.187
755.3495 994.949
777.9426 994.7302
806.0872 981.9672
710.1334 981.3438
766.2319 917.0923
739.3354 916.9203
789.8052 922.8802
804.3333 934.2664
821.7635 1001.997
729.6614 1435.657
807.556 964.2491
861.8578 993.5583
842.1228 982.3784
761.275 1116.094
681.3964 1244.377
672.2849 1283.182
711.3705 1256.834
727.2085 1273.935
693.3359 1285.694
708.1201 1291.042
750.9036 1331.251
681.1086 1125.877
685.2396 1094.17
838.2572 903.0658
709.0182 1035.096
730.9702 1124.546
730.265 1109.001
823.0474 1118.31
679.3926 1055.635
791.15 866.8132
820.9376 879.4065
841.8887 805.5039
687.8877 881.4688
715.1237 924.4991
768.3143 1298.279
823.7264 1281.734
710.6564 1141.941
688.9902 1152.579
742.6551 1302.339
728.7638 1299.744
831.0134 860.2462
728.4096 1140.941
749.4915 864.4084
754.3802 838.3696
765.0549 721.391
837.0433 830.9297
757.4402 776.9209
847.4965 890.6218
850.9191 878.1906
678.0989 1266.145
702.2101 1273.922
718.3293 1282.925
702.962 1148.705
735.8823 1301.841
728.5044 1309.367
724.1902 1297.094
702.4769 1126.914
699.6099 1290.04
684.6492 1289.136
665.5913 1289.407
672.9683 1393.158
677.1293 1362.468
676.4941 1341.41
673.2362 1321.55
669.1153 1308.373
705.1851 1303.593
710.5893 1308.719
718.1852 1318.828
723.944 1330.643
746.5421 1233.698
842.0101 1132.285
652.0652 1153.359
713.8045 1301.904
721.0784 1304.611
680.9604 1167.72
716.8351 1162.175
684.8862 1160.416
734.1282 1055.502
772.7513 1078.786
731.3826 1125.072
815.256 757.116
807.8649 796.132
799.187 841.6521
731.4514 1353.556
697.3149 839.9806
700.1175 769.0603
702.6782 701.7759
796.3281 991.1061
843.26 1024.378
697.1836 971.6226
825.7673 943.842
692.1703 1012.716
719.4031 1109.188
861.4568 1047.036
833.0596 1044.496
808.1381 1053.777
765.0313 1046.064
731.2607 1030.911
705.5228 1014.104
662.675 966.3126
860.7607 1110.73
841.3536 939.4901
668.985 1143.76
711.856 1063.844
850.0862 996.8156
687.0685 995.2357
729.2271 1129.126
813.7146 965.9739
717.5294 1090.3
836.337 1204.641
696.1091 960.4342
699.4297 1069.199
807.3336 1355.158
792.7703 1391.011
862.8661 1122.35
826.3467 1311.528
856.1862 931.6285
732.075 1468.923
662.5846 1152.287
732.3451 1089.533
855.1874 989.4435
777.7007 976.2947
756.4051 977.6998
735.0886 1315.713
854.1358 1172.971
683.4797 1519.957
748.2845 1467.059
770.6335 1434.887
629.473 765.2965
627.506 1530.573
735.0999 974.7871
715.2935 968.3243
702.5882 963.927
851.4848 934.9387
716.8174 945.3264
737.823 941.6254
759.868 941.3417
781.3393 946.5194
794.8623 954.0026
855.1451 923.3363
791.3315 973.0883
647.1665 1193.604
728.2411 1211.342
713.0489 1135.581
683.5588 1197.466
632.8824 920.3387
784.6827 1398.478
759.9669 1433.131
690.963 1496.142
808.8571 1344.318
702.9419 953.391
683.5955 1015.663
633.9575 1506.976
721.3814 1496.88
855.0118 1189.834
689.8368 1305.478
695.3942 1315.121
701.0289 1330.474
704.6157 1349.391
706.7404 1375.732
720.2104 1295.489
729.8824 1292.81
738.0421 1287.722
761.2081 1263.857
833.4822 1187.348
676.9008 987.4437
680.1465 935.7471
692.9647 942.7404
711.8826 1291.35
828.2757 1265.617
664.0621 929.6896
718.1432 1403.763
649.2858 1018.058
667.9893 996.6083
643.941 987.9321
704.1107 1065.541
637.1343 1472.291
637.5197 1431.569
681.0568 1425.367
770.3751 1341.115
747.5349 1156.942
747.0387 1376.381
795.9467 1155.901
767.6673 1191.446
810.8231 1209.69
689.6976 1462.895
716.4998 1086.134
785.4714 1363.573
758.0713 1401.255
788.8145 1299.49
845.1268 1226.956
809.6017 1302.103
843.8821 1252.982
782.5079 1237.713
697.2624 1039.333
711.5707 1121.972
723.8805 1134.07
704.2072 1099.365
701.5802 910.7397
742.957 897.7411
777.249 897.5463
803.8176 904.1366
820.5621 919.2953
825.7518 973.7021
865.4879 1057.476
812.1696 1013.836
790.4766 1020.458
760.4377 1018.577
729.6297 1009.58
705.5394 997.032
689.2717 984.9808
844.2749 1064.641
720.3465 1144.245
689.5376 1041.346
697.2231 1121.581
679.2583 1138.911
694.0209 1127.576
711.1727 1155.215
676.2082 1141.724
670.2397 1150.18
688.3682 961.0111
676.4604 966.5577
672.699 969.4427
802.3016 959.7383
814.2398 947.1989
623.5805 1023.443
412.2184 955.149
623.618 1144.984
292.8354 846.432
497.3404 980.7405
469.371 984.5037
441.6092 984.4388
400.7359 967.9889
520.5876 971.9053
460.4601 898.5706
491.0728 901.2168
430.663 903.051
409.7476 914.4132
379.9582 991.218
523.1821 1443.277
400.6779 947.3444
285.5313 983.5358
345.7119 969.5751
489.1283 1114.773
612.296 1244.943
614.8141 1284.09
571.7938 1259.646
545.5056 1277.243
585.6461 1288.152
562.592 1294.074
501.4022 1336.252
634.7641 1125.199
630.7896 1093.615
366.0069 878.9641
542.4251 1031.747
551.4312 1124.039
546.4114 1108.648
401.0981 1116.131
627.6482 1055.103
441.116 841.4308
397.6384 853.3514
326.1076 785.1086
570.5061 871.8131
516.8948 912.0236
480.9648 1303.061
306.8147 1289.088
572.5939 1141.802
598.2037 1153.049
513.9431 1306.388
526.7133 1303.447
379.819 832.3049
547.7281 1141.664
497.9966 845.2805
493.532 817.995
456.4235 704.7097
354.9879 807.7206
479.5563 758.9132
346.3475 866.7214
321.06 858.3971
613.6265 1267.177
580.1824 1276.629
554.5941 1286.1
579.6066 1149.134
520.9553 1305.738
534.2219 1312.72
528.8322 1300.805
594.6806 1125.965
566.2108 1292.698
589.1898 1291.047
615.3276 1290.251
597.6918 1395.074
605.4601 1363.516
609.0374 1342.595
611.788 1322.528
613.5388 1309.22
562.4736 1306.16
558.3958 1311.285
551.3516 1321.305
544.5312 1333.261
518.7382 1236.671
271.3227 1130.602
546.5495 1305.12
541.4735 1307.819
609.204 1168.577
556.188 1164.014
604.0732 1161.159
511.8335 1052.113
467.1967 1075.366
539.4933 1125.502
378.8469 736.4086
405.0318 772.5291
429.9806 815.1658
526.7294 1358.381
563.2551 828.1809
551.8745 759.6984
535.8303 692.3556
415.9934 979.4089
351.1414 1015.843
535.5698 963.0077
377.0717 925.264
564.2383 1009.392
574.2331 1107.942
318.7788 1039.982
373.8665 1037.728
413.362 1048.093
468.0972 1040.566
507.0662 1025.517
537.2675 1009.197
609.2038 964.1414
326.3565 1108.205
353.4316 921.3711
641.4397 1143.263
548.2281 1061.951
265.5134 987.2612
560.7647 990.5126
533.7507 1129.878
389.9937 948.8094
568.7258 1089.266
282.6108 1207.559
533.6989 951.2032
598.2363 1068.276
388.2671 1366.163
380.5522 1404.19
288.4527 1120.291
349.4853 1320.548
302.2689 917.0073
514.3733 1478.469
640.7022 1152.137
521.6353 1088.122
319.719 977.8407
443.2067 963.6659
468.5408 965.2714
526.0073 1319.131
332.0427 1173.945
565.3873 1526.198
469.1805 1480.002
427.7601 1448.843
491.8771 962.8312
513.1788 957.5856
526.7871 954.2227
330.7358 917.2726
510.0581 933.8574
485.9857 927.4668
462.2617 926.0444
436.9314 930.2773
420.0148 937.2784
274.7578 909.8387
425.3198 959.7404
544.8507 1213.865
573.95 1134.81
606.0195 1198.475
428.0398 1410.403
468.9907 1444.82
569.5869 1501.527
341.4683 1354.867
526.6229 943.9326
592.2591 1013.512
514.6396 1507.129
298.3419 1191.984
586.4611 1307.266
582.2264 1316.961
577.0717 1332.165
572.0536 1351.242
558.1436 1379.432
541.4266 1298.81
533.3084 1296.274
524.9379 1291.267
496.1764 1267.682
377.9955 1188.679
586.9744 984.3174
561.8102 928.2186
541.1571 933.6228
546.3608 1294.597
369.7046 1271.112
592.9824 925.1913
539.1362 1409.748
616.158 995.0557
572.1111 1064.151
587.5116 1428.625
470.2917 1347.724
510.1073 1158.277
500.6227 1383.561
446.1334 1155.54
485.6946 1193.201
420.6115 1211.904
576.7816 1467.341
550.9897 1085.206
441.6579 1372.927
481.4739 1410.588
449.2433 1304.915
338.713 1230.637
409.3035 1308.971
315.3506 1258.707
463.7829 1240.948
570.1962 1037.155
585.6038 1120.823
561.4946 1133.442
601.7829 1098.356
540.2592 900.1605
494.771 881.2843
454.1282 876.8341
418.5103 882.2631
391.6238 897.5516
371.2671 958.984
283.1924 1051.254
397.0484 1004.201
428.7195 1012.487
466.9926 1010.645
502.2795 1001.656
529.8274 989.9988
549.6403 978.6328
267.0919 1059.015
560.1222 1144.562
597.5767 1039.946
611.3242 1120.767
624.798 1138.602
608.8693 1126.712
567.1362 1156.442
631.6955 1141.167
630.7803 1150.172
545.883 952.6675
565.5846 960.3121
578.6824 964.723
409.6456 942.7249
393.1711 927.9136
