499.6194 1654.115
506.3318 1496.351
499.231 1530.941
540.6716 1302.965
506.5895 1445.156
503.7729 1366.992
493.5886 1164.372
810.5228 1105.594
490.2523 1020.579
489.9303 948.6315
484.4221 676.9922
499.4892 1679.395
498.4447 1696.429
496.7881 1700.67
495.1902 1693.384
495.9872 1717.565
496.154 1745.944
495.4287 1773.924
492.0618 1808.577
504.3311 1516.538
547.5986 1500.688
935.1856 863.1331
673.7261 1155.908
718.3722 1159.723
762.4088 1157.25
821.6838 1119.948
638.3253 1144.799
749.9863 1032.636
699.5364 1037.414
793.7881 1037.221
820.8874 1050.718
849.7523 1150.494
653.0622 1855.264
827.7868 1088.991
948.0311 1083.994
894.8931 1103.816
716.5368 1389.852
557.134 1640.969
545.7426 1691.679
612.5897 1646.439
643.2311 1655.221
585.6515 1685.924
614.5555 1681.889
693.2583 1702.67
545.6517 1491.28
552.7375 1441.914
885.2528 987.8408
627.6221 1259.099
650.4796 1446.079
651.0767 1413.799
834.895 1364.512
547.6491 1369.155
795.344 953.1028
851.5081 961.2217
910.1718 787.6895
595.1273 1006.726
654.955 1054.077
727.113 1657.593
876.3062 1518.267
616.9789 1475.279
578.302 1497.241
679.1634 1668.43
657.9528 1668.896
873.1171 920.7778
649.6558 1463.426
713.0012 963.7699
722.2315 918.8931
754.2158 695.7621
891.7421 853.9437
733.6771 808.1642
905.9753 955.8369
920.6249 913.3082
552.8648 1671.312
598.0834 1671.68
629.1739 1670.284
605.012 1484.979
668.1091 1669.701
650.4033 1680.385
652.8677 1664.976
594.3602 1470.095
603.6751 1677.716
574.2648 1686.908
537.802 1695.365
550.8943 1802.228
551.9993 1765.858
549.9161 1737.43
545.466 1709.259
540.4008 1689.107
610.4645 1675.052
617.6927 1682.542
628.4486 1696.272
637.4304 1711.743
682.9257 1588.422
920.5443 1271.512
501.755 1520.08
629.3745 1670.836
639.0936 1674.862
561.1716 1524.249
632.7032 1493.441
569.6784 1511.628
670.7623 1284.462
739.8769 1316.426
656.0001 1431.766
855.3204 730.1348
834.1221 815.9636
811.4448 906.5287
655.1736 1738.896
610.9938 937.3594
620.8448 811.8107
633.771 679.3127
800.3935 1143.845
890.4143 1181.791
617.3407 1134.344
860.631 1054.066
597.6116 1230.578
624.8154 1437.556
927.0599 1204.127
864.4296 1227.985
811.9606 1257.502
729.446 1254.082
669.276 1233.881
626.1865 1213.146
538.6585 1174.295
917.987 1314.179
892.4637 1038.627
528.3136 1512.73
627.6046 1318.717
940.6469 1054.78
593.6163 1190.751
656.1255 1427.626
838.067 1089.073
624.7777 1397.748
905.0659 1389.764
619.9968 1114.972
587.7985 1378.772
814.642 1692.039
800.1179 1724.017
938.5693 1295.039
858.5739 1609.67
934.5784 989.7096
659.5822 1897.714
521.3427 1516.962
664.9515 1351.92
923.7767 1103.772
762.3062 1127.095
721.166 1131.605
661.9413 1687.077
904.2383 1411.601
579.3717 1969.391
698.5189 1870.446
745.9948 1808.573
487.5179 815.6614
487.2909 1986.599
682.7997 1127.693
648.0282 1119.664
627.9445 1116.714
916.2458 1017.896
660.0982 1079.137
700.5856 1064.91
742.6591 1061.494
783.2369 1067.228
806.9272 1077.629
944.2016 947.1136
790.6324 1117.136
498.603 1567.366
649.5613 1566.849
618.8961 1470.105
564.0403 1567.08
490.4715 1086.888
764.7668 1769.513
714.3553 1832.564
586.3423 1947.6
840.403 1631.682
632.9538 1101.046
572.2491 1262.725
490.6485 1965.435
645.7941 1927.663
920.7308 1402.715
579.2346 1681.848
586.8042 1696.01
594.5057 1717.565
600.0626 1743.164
609.1838 1774.572
639.7869 1675.357
654.0293 1669.97
667.3054 1660.172
711.2546 1620.473
857.808 1459.287
567.8342 1199.702
587.3104 1086.491
614.1407 1090.368
628.7115 1669.311
853.689 1562.898
550.7371 1091.379
632.025 1811.954
500.2639 1298.137
540.8161 1242.095
496.9091 1233.953
606.4924 1344.498
492.2178 1920.574
492.2412 1860.535
565.0657 1849.744
731.5157 1710.256
690.7143 1463.834
686.3168 1765.451
780.0106 1443.037
726.2773 1510.647
810.2234 1513.661
580.9355 1904.652
631.4267 1365.643
761.7002 1732.02
707.9039 1795.425
766.709 1648.984
888.54 1491.338
810.138 1635.368
897.289 1505.134
754.3902 1570.575
599.882 1289.545
609.8448 1462.6
637.5316 1465.148
591.8302 1438.022
627.0837 1043.71
703.583 1013.953
767.7427 1005.994
817.8789 1008.323
849.1702 1023.147
861.6874 1096.799
948.9127 1188.866
827.4667 1178.306
783.0463 1199.873
724.476 1201.973
669.6335 1190.648
629.2072 1176.094
601.406 1163.335
929.2896 1161.006
634.3705 1474.807
576.0313 1319.638
578.4687 1476.091
550.8826 1497.565
576.6378 1478.355
620.6572 1489.532
542.7501 1506.356
536.8223 1510.902
604.4241 1121.43
579.4723 1138.564
567.8115 1153.984
819.4747 1084.821
838.6771 1063.751
457.6722 1304.338
142.6317 1116.46
453.4209 1502.841
-23.91619 873.5874
286.3925 1160.765
240.4077 1166.807
194.0166 1166.204
127.7991 1131.518
323.453 1148.044
208.506 1039.853
259.8854 1042.194
162.5087 1046.236
132.6407 1060.971
95.97125 1163.199
320.256 1866.427
122.4307 1100.391
-35.94287 1098.569
41.77339 1117.727
255.3203 1398.071
439.7901 1643.504
448.1657 1693.873
378.4299 1651.932
342.0596 1662.095
403.7521 1689.819
370.3061 1687.003
280.2012 1712.89
465.1543 1493.249
458.0797 1444.021
62.89125 999.3999
344.2365 1262.906
340.5436 1452.605
336.1598 1420.294
122.4846 1377.94
457.9852 1370.833
168.8457 959.6628
104.9917 970.8025
14.09943 795.8051
381.566 1008.033
305.6755 1057.235
245.3772 1669.04
26.74329 1539.922
375.1222 1480.705
416.0574 1500.462
297.2807 1676.127
318.232 1675.448
78.88862 930.5454
338.1873 1469.941
258.0444 967.2186
248.9787 922.3658
200.0029 697.1692
47.32089 862.9585
230.5862 810.6615
35.28034 967.5313
6.579566 924.5291
443.343 1673.881
392.9771 1676.433
356.7295 1676.318
387.0059 1489.735
308.6993 1676.922
328.5871 1687.065
322.1161 1671.685
405.5819 1474.754
378.6613 1681.956
412.4998 1690.096
452.951 1696.97
431.4813 1805.272
437.0396 1768.685
440.5073 1739.954
444.3842 1711.485
448.0637 1691.025
370.5354 1680.024
364.0221 1687.856
353.6497 1702.214
344.053 1718.353
298.7375 1596.971
-27.56234 1288.123
348.3516 1676.338
339.8288 1680.851
434.5518 1526.558
353.9743 1498.841
425.6628 1514.294
297.9914 1290.12
225.8878 1324.751
328.5142 1438.53
83.83388 735.3411
117.4438 822.0378
150.596 913.1616
320.945 1747.65
366.0753 938.7806
350.8915 813.2148
330.1775 680.0854
152.5716 1154.544
50.1002 1196.526
345.7608 1136.798
86.11732 1066.26
377.1248 1233.344
372.6821 1443.136
4.384124 1220.478
84.05735 1241.925
144.7401 1268.839
232.7965 1261.547
295.3765 1238.795
341.0422 1216.585
445.5192 1175.356
17.64432 1331.454
48.94165 1051.332
479.272 1513.831
349.1471 1323.247
-47.07187 1067.417
376.6471 1193.147
323.6855 1434.264
109.6786 1100.577
368.016 1403.142
-8.774492 1409.479
341.4275 1117.562
411.9363 1382.207
125.2553 1712.217
128.2007 1744.89
-24.45512 1313.203
69.89417 1630.912
-15.54724 1002.447
309.855 1910.051
481.8001 1517.555
308.589 1358.088
4.559412 1118.314
195.6346 1135.922
238.475 1138.52
316.279 1694.44
30.83632 1429.557
392.0436 1976.303
254.5642 1886.174
195.7618 1827.159
277.1622 1132.776
312.6565 1123.351
333.3221 1119.617
17.12724 1030.808
298.2864 1082.872
255.5592 1069.905
212.7956 1068.645
171.2117 1076.604
146.2845 1088.046
-42.3707 958.5399
165.1929 1127.332
336.8323 1573.615
375.1679 1475.604
430.8319 1570.16
185.1406 1788.317
244.7448 1848.765
391.423 1954.433
73.99807 1653.224
327.8032 1104.206
414.074 1264.976
318.079 1939.615
-5.40611 1422.54
406.0389 1685.451
399.1927 1700.077
391.889 1721.966
385.8742 1748.149
370.1492 1780.661
340.0657 1681.088
326.3563 1676.604
312.6866 1667.517
265.7714 1630.512
92.05982 1475.53
411.5272 1201.567
380.274 1087.854
349.0216 1092.409
349.6879 1674.438
88.10188 1581.881
425.1935 1092.408
343.6628 1820.874
450.6401 1243.334
380.093 1348.52
416.5652 1854.345
235.2169 1724.036
286.394 1471.685
283.8648 1777.469
187.1248 1454.838
248.4209 1520.722
150.8701 1528.566
400.1161 1910.86
350.0192 1370.738
196.7358 1749.307
257.3245 1810.091
198.8531 1663.594
45.11666 1510.748
143.168 1653.282
21.41217 1526.497
216.3013 1582.821
381.4252 1292.92
390.0344 1467.772
355.4503 1471.413
413.079 1441.981
340.1909 1045.708
261.1783 1019.405
194.5936 1013.352
140.334 1017.613
103.4198 1033.853
81.4019 1109.707
-36.43004 1205.49
122.9162 1190.188
172.5976 1209.692
235.0188 1209.151
292.0495 1195.313
334.5856 1179.389
364.4835 1165.523
-37.95935 1174.992
356.1249 1480.722
417.4083 1322.289
428.0749 1479.678
453.0552 1499.872
426.6255 1482.031
369.0575 1494.736
463.3714 1508.146
465.2167 1512.588
359.2434 1123.43
388.2543 1140.124
404.8332 1155.353
132.3353 1095.709
111.1335 1074.953
