603.0599 1064.294
618.4068 945.8204
606.9062 983.1379
636.9053 846.1324
620.4919 913.1637
618.6132 872.1871
609.4683 776.108
774.8772 793.1677
608.7418 699.8351
611.1006 657.0422
611.6268 510.3018
601.8171 1081.732
599.0491 1096.265
595.9668 1103.832
594.4899 1122.862
594.6305 1139.181
593.7192 1158.722
591.4545 1178.389
585.3738 1203.609
614.6216 962.745
632.6328 963.2689
834.6064 685.0796
703.1652 812.8885
727.768 817.7209
750.6866 818.2249
779.5325 805.3655
683.0206 802.0067
742.7789 739.5463
715.5385 738.3867
766.5114 746.3143
780.5104 758.1063
793.749 825.9603
672.2054 1241.067
782.2914 787.2694
835.9403 814.692
815.5327 805.6852
720.2247 938.6606
632.6176 1060.608
621.8267 1097.539
658.5985 1075.059
671.67 1092.937
639.9597 1101.746
652.5969 1108.059
693.7033 1147.988
639.136 946.1951
644.8868 915.8564
816.4094 726.1647
675.408 856.2097
686.6781 947.0756
687.3915 931.7778
783.1478 944.0068
641.9796 877.6388
771.9513 688.9043
800.6017 702.3016
826.1741 628.3092
664.9591 700.38
690.7921 745.265
711.5206 1117.956
780.7021 1089.781
666.1113 962.6658
644.9675 971.5831
683.6979 1121.398
670.5562 1117.583
812.0199 683.0331
683.1048 962.8995
728.814 685.3385
735.3766 659.4641
753.1162 543.7269
819.9443 654.0645
742.7955 599.2628
826.6206 713.4983
831.2811 700.5074
628.2612 1081.351
648.9363 1090.936
662.7758 1101.027
658.2515 968.7744
677.0632 1120.491
670.6874 1126.533
666.8583 1114.161
659.4863 947.4988
644.6506 1106.726
631.7082 1104.862
615.2686 1103.789
618.4622 1201.915
622.9538 1175.841
623.2155 1155.787
621.0728 1135.915
617.8481 1122.242
649.8879 1119.203
654.795 1124.848
661.6769 1135.074
666.9203 1146.514
694.4278 1053.761
808.7596 945.601
610.804 970.2745
657.4319 1117.95
663.9002 1121.449
636.7153 985.8604
670.7068 982.8777
640.6883 979.0223
698.9081 877.5426
735.6988 902.8315
687.5118 947.3708
801.8958 580.3683
792.7292 619.2053
781.3271 663.8589
674.8822 1167.548
676.465 659.3541
683.9833 590.1283
691.5728 522.1776
769.4073 814.7968
813.6346 849.2214
670.4064 791.8253
801.3803 767.1458
660.1745 833.2938
676.863 931.5787
830.2827 871.0471
801.7993 870.3412
775.3535 879.5826
731.8258 869.7438
699.2092 852.7268
674.59 834.7457
633.0763 787.0006
823.9026 934.8383
817.3371 762.5609
626.8376 962.2476
674.775 885.1215
825.1613 814.582
657.2946 815.3041
685.6166 950.911
788.1338 789.1647
676.4954 912.8899
798.3263 1015.585
670.0636 780.2599
660.6451 891.5502
755.645 1165.63
742.8883 1195.433
827.7021 941.1852
778.0184 1123.477
833.8099 753.4148
673.7621 1270.745
620.6044 969.7148
693.2382 911.3312
828.5712 812.329
751.8106 799.9353
730.1149 800.792
677.0157 1132.938
812.2916 994.4211
625.2393 1315.804
691.5334 1266.768
716.1774 1236.781
612.0891 583.3901
570.9865 1323.23
708.7875 796.8287
689.1941 789.3224
676.4985 784.1871
828.1501 757.5513
692.0333 764.5602
713.6547 760.8824
736.1733 761.5094
757.9156 767.9561
770.6857 776.1702
833.7601 743.4382
765.822 796.7208
604.6093 1008.818
678.4963 1031.17
668.8947 956.5986
637.7601 1014.793
606.8602 738.4779
729.9667 1205.897
703.2608 1237.603
632.6078 1295.801
761.8514 1150.426
677.3145 772.9923
650.0962 836.8302
577.3055 1303.494
663.1311 1294.801
815.0049 1006.182
636.3369 1120.395
641.1363 1130.412
645.9894 1145.854
648.722 1164.078
650.6641 1187.071
662.7452 1113.204
672.0978 1111.326
680.3142 1107.085
706.1155 1084.338
788.8135 1009.775
646.4318 807.9738
654.9058 755.1643
667.7075 762.8408
655.4643 1108.543
780.0525 1082.825
637.975 748.7905
661.8721 1212.363
615.4077 838.9402
635.6659 818.0254
612.4494 808.5695
666.2753 887.145
581.5045 1272.588
583.7353 1235.627
625.3024 1231.506
715.1678 1156.445
702.4348 978.4966
691.1726 1188.125
751.4417 979.198
720.0217 1012.835
762.4694 1031.486
632.2402 1265.919
676.7657 907.8864
730.7643 1175.914
701.9218 1209.858
734.6016 1118.189
799.8922 1045.197
757.0879 1118.941
799.6608 1066.733
730.8989 1059.129
662.2012 860.4219
668.4144 943.4663
679.299 955.8563
662.8567 921.4546
677.8948 730.8019
720.2895 719.3263
755.0796 720.6106
781.6639 727.9753
797.4006 743.0107
799.7693 796.8451
835.0714 877.7068
783.4175 838.2561
761.0734 844.7394
730.4228 841.6481
700.1221 831.0787
676.793 817.473
661.1108 804.8824
815.4517 880.0551
675.1742 965.6128
653.6195 863.1244
654.7701 942.3823
636.8919 957.6824
651.4518 947.6608
665.6287 975.6892
633.8507 960.4932
627.7773 968.0056
662.0637 780.8262
649.2358 786.0168
644.4268 789.1241
777.4538 782.3091
789.5831 770.7527
590.2346 842.8854
390.9651 761.177
585.3052 960.6299
284.2585 640.4507
472.0906 792.4551
444.4982 794.6423
417.728 792.531
380.0991 773.074
495.482 784.662
439.7166 708.7662
469.6637 712.756
410.808 711.8093
390.4303 721.6936
358.9439 794.2051
476.3346 1237.242
380.6264 752.4471
271.2718 774.8667
327.251 768.8655
459.2521 924.2426
570.4177 1057.918
571.7319 1095.812
533.858 1071.153
510.0904 1087.725
546.1837 1099.144
525.889 1104.261
464.8099 1140.328
595.0688 943.3206
592.7344 912.7128
349.0063 681.7646
513.7564 845.0529
519.1894 938.3916
515.2065 923.0203
374.7596 921.0115
592.0709 874.6405
421.4706 649.615
379.665 658.8966
317.4981 583.5264
546.7871 686.1571
494.755 724.8795
448.0681 1108.58
284.4152 1068.633
538.8578 956.218
562.2944 967.7589
481.5762 1114.421
494.153 1111.683
363.3953 636.3872
515.8641 955.2604
476.3664 656.146
473.1781 628.8008
444.9347 513.3516
341.73 609.0898
463.2721 569.4822
330.8983 667.4164
308.5994 655.7258
570.9778 1079.258
541.1677 1087.776
518.328 1096.502
545.4704 963.5177
488.5148 1114.132
498.7698 1120.499
496.1944 1108.612
558.7175 941.4421
529.8804 1103.217
549.7875 1102.381
572.3501 1102.363
548.726 1199.715
556.9391 1173.134
561.3188 1153.474
565.3981 1133.796
568.1938 1120.28
524.1745 1114.797
519.7422 1119.816
512.2151 1129.265
504.803 1140.234
485.2665 1045.81
257.1158 913.3596
510.8497 1113.088
505.9463 1115.984
571.5682 983.2094
523.4605 977.0887
567.3514 975.8505
483.4669 863.7544
439.0533 884.7107
508.5397 938.9381
368.8115 539.6763
390.5299 578.1324
411.8123 622.519
486.0066 1161.795
541.4634 642.3549
534.6728 574.374
523.7759 505.3491
393.7602 785.6827
330.0448 816.4052
510.7023 776.5349
358.7645 728.6732
535.4672 824.1801
540.0779 923.5886
299.0074 836.5748
350.4433 841.0404
387.6703 854.7495
441.0396 850.1111
479.6705 837.0156
509.7377 822.2506
580.627 782.5568
304.5309 905.1494
336.1259 721.9935
600.9236 960.5137
518.4683 875.6469
254.6155 774.4551
533.3478 805.0537
503.4148 942.5088
370.7264 753.3098
536.0538 905.1233
264.9628 988.4036
509.9697 764.3229
563.9117 885.8856
355.1617 1153.333
347.0206 1184.729
269.9274 908.8804
321.3802 1106.405
289.2394 711.2474
466.4135 1267.781
600.4037 968.5203
492.1481 899.9854
302.3175 774.0709
419.8716 772.3677
444.2534 775.9479
490.4613 1126.219
309.3022 968.6014
512.3159 1314.833
425.1245 1263.147
388.398 1230.401
467.4519 774.7122
488.994 770.2834
502.886 767.3411
314.8525 715.2158
487.4351 744.4827
463.9167 736.1379
440.2862 733.4629
415.3163 736.7167
398.93 743.1295
265.3001 700.4529
403.04 766.8623
510.2991 1024.894
539.8608 949.3893
566.6851 1012.04
389.6435 1197.797
426.0327 1232.671
516.6583 1294.076
313.4259 1134.619
503.3256 756.1852
561.4736 830.5458
465.8804 1292.689
277.649 978.5752
544.6096 1117.104
539.7964 1126.609
533.6187 1141.272
527.6663 1159.16
513.3875 1182.899
507.6245 1108.235
499.7275 1105.656
491.8395 1100.524
463.7623 1075.298
352.0509 988.1689
558.273 800.83
537.5544 742.8591
517.6533 747.5287
512.5655 1104.142
342.3693 1064.427
567.5716 741.3318
493.347 1208.576
585.0687 814.0568
540.3174 879.7272
537.2659 1229.581
432.8474 1147.372
479.175 968.3523
458.8846 1182
416.8632 961.7855
454.1115 1000.791
391.5877 1014.378
525.066 1264.003
520.4094 899.3721
403.9206 1166.637
439.0237 1203.889
415.6194 1106.371
314.4997 1022.581
377.3699 1104.918
291.6696 1043.822
432.4154 1046.699
539.875 852.4198
550.2327 936.2874
528.1985 947.7593
565.6131 915.5293
517.1066 713.746
472.9973 693.136
433.5702 687.0615
399.2128 690.3163
373.314 703.1829
352.2253 761.0935
266.7136 841.1484
374.405 808.9379
404.0868 819.6084
441.2253 820.2379
476.0817 813.0388
503.6366 802.7828
523.4651 792.5099
254.6292 843.7792
527.2122 958.6132
564.8787 857.4531
573.592 937.4479
586.0437 954.703
571.571 942.6453
533.7562 970.2255
592.0186 957.8159
591.4573 966.058
521.4262 766.7231
539.9537 775.1915
552.0072 780.4576
389.0621 748.0485
374.2876 733.3607
