1054
1049
1516
1466
1058
1056
1437
1437
970
974
1200
1200
6202
6202
741
741
11847
11893
1012
1044
4678
4633
508
505
454
455
2179
2206
3094
3094
6121
6124
3376
3279
350
350
564
564
595
595
4009
4009
11687
11687
3820
3819
1142
1114
896
896
454
456
8570
8561
3919
3828
2918
2918
808
808
1271
1230
5112
5113
2629
2631
2207
2249
672
672
482
483
1718
1718
4590
4489
2835
2835
4048
4048
670
668
2458
2535
491
491
399
399
1597
1596
2047
2017
3129
3153
1300
1349
5679
5730
2106
2144
2076
2076
1179
1179
3183
3137
295
297
3828
3863
229
230
3418
3420
11311
11312
7569
7570
461
466
1567
1581
6036
6002
660
660
3417
3417
5288
5190
3848
3843
3377
3307
579
579
599
600
2545
2528
718
724
4955
4938
2760
2775
3543
3570
235
234
13519
13518
865
866
3408
3385
501
501
726
726
656
656
8294
8270
476
478
6463
6475
10002
10030
3650
3535
12460
12460
365
361
4824
4852
587
587
2976
2922
8763
8762
947
915
1263
1259
727
705
5642
5549
1928
1928
742
741
484
484
2168
2083
318
321
712
712
604
604
1275
1210
1860
1850
5699
5660
729
730
2808
2841
867
867
3352
3385
3236
3235
10644
10673
440
440
229
228
2349
2344
5116
5116
589
589
10983
10983
3959
3965
423
409
5393
5396
1527
1460
438
440
709
743
8226
8236
2377
2383
416
415
2574
2574
2124
2113
3997
4033
1400
1400
1460
1420
343
329
2520
2451
901
931
2524
2525
812
842
8549
8495
3039
3041
2343
2342
7220
7261
4555
4522
1659
1659
3447
3447
779
737
242
240
351
358
9757
9757
385
387
5673
5684
436
409
605
605
799
799
1148
1148
3366
3366
4365
4365
251
252
341
341
1840
1817
3706
3680
11743
11743
9774
9773
314
324
13217
13218
728
759
5371
5351
1103
1107
10876
10876
276
275
597
594
1206
1155
288
287
2018
2019
1574
1574
1813
1813
1392
1393
1066
1078
743
757
1244
1263
1839
1839
1929
1926
1761
1755
1787
1781
1637
1637
1525
1525
379
379
291
291
366
369
10688
10688
1025
1026
9078
9078
674
685
805
775
1273
1274
2006
2027
1352
1283
1901
1901
1832
1845
4227
4227
621
621
1767
1767
205
205
187
187
166
166
131
131