302 11 0 267
0 11 72 37
350 452 451 349
231 232 121 120
269 303 302 267
72 73 39 37
350 277 343 357
114 47 121 128
357 453 452 350
232 233 128 121
396 377 152 175
152 148 171 175
382 398 384 381
157 173 155 154
330 348 347 280
118 119 101 50
270 304 303 269
73 74 40 39
151 337 336 9
107 108 151 9
360 279 278 344
48 49 131 115
418 424 431 262
211 204 194 32
270 409 408 304
184 185 40 74
407 415 310 272
80 191 183 42
410 409 270 322
40 185 186 92
348 450 449 347
229 230 119 118
430 422 432 434
212 202 210 214
18 17 314 313
84 17 18 83
306 291 375 307
146 61 76 77
260 388 387 259
160 161 30 29
384 398 414 286
190 173 157 56
406 335 424 418
204 106 182 194
364 434 416 367
192 214 135 138
327 358 423 391
203 129 98 165
5 281 275 4
45 51 5 4
253 374 373 254
144 145 23 24
307 375 321 320
91 146 77 90
411 427 425 280
205 207 187 50
200 18 313 421
83 18 200 201
406 405 321 335
91 181 182 106
404 320 321 405
91 90 180 181
16 315 314 17
84 85 16 17
426 423 266 425
36 203 206 205
400 377 396 369
171 148 176 140
322 270 269 391
39 40 92 165
413 464 465 417
245 244 189 193
386 385 258 257
28 158 159 27
467 466 388 260
161 246 247 30
419 399 456 248
236 174 196 3
417 168 8 285
8 168 193 55
346 448 261 340
31 228 117 111
441 413 417 285
193 189 221 55
326 328 460 327
240 99 97 98
329 371 355 277
126 142 100 47
438 439 392 309
166 219 218 79
256 341 382 381
155 112 26 154
420 429 279 360
49 209 198 131
379 394 364 365
135 169 150 136
437 343 277 355
47 114 217 126
282 283 444 443
224 53 52 223
363 440 275 281
45 220 134 51
395 369 262 431
32 140 170 211
321 375 273 335
43 146 91 106
349 451 450 348
230 231 120 119
342 446 359 467
130 226 113 247
334 293 283 282
53 63 105 52
462 461 458 250
238 241 242 20
300 383 353 276
124 156 70 46
324 308 292 325
62 78 95 96
293 300 276 283
46 70 63 53
345 372 264 447
34 143 116 227
346 340 345 352
116 111 117 123
274 354 19 1
19 125 44 1
456 363 281 248
51 134 236 3
427 436 426 425
206 216 207 205
252 256 381 380
154 26 22 153
269 267 393 391
167 37 39 165
200 421 428 199
208 201 200 199
266 371 329 330
100 142 36 101
273 287 432 422
212 57 43 202
328 462 250 290
20 242 99 60
385 384 286 258
56 157 158 28
353 265 446 342
226 35 124 113
259 387 386 257
159 160 29 27
431 424 422 430
202 204 211 210
276 353 342 445
113 124 46 225
335 273 422 424
202 43 106 204
307 325 292 306
62 96 77 76
352 345 447 366
227 116 123 137
303 271 268 302
38 41 73 72
266 423 358 371
129 203 36 142
460 455 294 327
64 235 240 98
278 279 331 294
102 49 48 64
304 272 271 303
41 42 74 73
434 432 436 427
216 212 214 207
408 407 272 304
42 183 184 74
395 431 430 394
210 211 170 169
378 400 369 395
140 176 149 170
299 333 334 296
105 104 69 66
351 6 168 417
168 6 122 193
352 376 411 280
187 147 123 50
325 307 320 319
90 77 96 89
336 296 295 285
65 66 107 55
403 319 320 404
90 89 179 180
329 349 348 330
119 120 100 101
333 298 293 334
63 68 104 105
15 316 315 16
85 86 15 16
358 331 279 429
49 102 129 209
14 317 316 15
86 87 14 15
9 336 285 8
55 107 9 8
277 350 349 329
120 121 47 100
380 374 253 252
23 145 153 22
318 319 403 402
179 89 88 178
419 197 6 351
6 197 196 122
325 319 318 324
88 89 96 95
365 364 367 397
138 135 136 172
344 278 439 438
219 48 115 218
272 310 311 271
81 80 42 41
195 248 281 5
51 3 195 5
375 291 287 273
57 61 146 43
175 199 428 396
208 199 175 171
271 311 312 268
82 81 41 38
283 276 445 444
225 46 53 224
373 390 339 254
110 163 144 24
296 334 282 295
52 105 66 65
347 449 448 346
228 229 118 117
337 299 296 336
66 69 108 107
294 455 439 278
219 235 64 48
292 308 415 407
191 78 62 183
429 355 371 358
142 126 209 129
340 265 372 345
143 35 111 116
466 249 390 388
163 7 246 161
280 347 346 352
117 118 50 123
282 443 442 295
222 223 52 65
354 370 94 19
94 141 125 19
442 441 285 295
55 221 222 65
248 195 197 419
197 195 3 196
255 249 263 359
33 7 25 130
440 457 274 275
44 237 220 45
301 368 383 300
156 139 71 70
465 412 351 417
122 188 245 193
467 359 263 466
33 130 247 246
380 385 386 374
159 158 153 145
378 395 394 379
169 170 149 150
412 399 419 351
196 174 188 122
436 410 322 426
92 186 216 206
388 390 373 387
144 163 161 160
164 2 326 393
97 2 164 167
461 462 370 354
141 242 241 125
164 393 267 0
37 167 164 0
302 268 12 11
12 38 72 11
387 373 374 386
145 144 160 159
268 312 13 12
13 82 38 12
298 301 300 293
70 71 68 63
261 446 265 340
35 226 31 111
381 384 385 380
158 157 154 153
425 266 330 280
101 36 205 50
426 322 391 423
165 92 206 203
420 437 355 429
126 217 198 209
393 326 327 391
98 97 167 165
440 344 438 457
218 115 220 237
341 463 362 382
133 243 112 155
459 458 461 457
241 238 239 237
364 394 430 434
210 169 135 214
398 362 463 414
243 133 173 190
369 396 428 262
208 171 140 32
461 354 274 457
44 125 241 237
317 402 403 316
179 178 87 86
316 403 404 315
180 179 86 85
315 404 405 314
181 180 85 84
314 405 406 313
182 181 84 83
421 313 406 418
182 83 201 194
306 292 407 408
183 62 76 184
409 291 306 408
76 61 185 184
287 291 409 410
185 61 57 186
432 287 410 436
186 57 212 216
427 411 416 434
192 187 207 214
372 383 368 264
139 156 143 34
438 309 459 457
239 79 218 237
366 401 376 352
147 177 137 123
275 274 1 4
1 44 45 4
421 418 262 428
32 194 201 208
294 331 358 327
129 102 64 98
416 433 435 367
215 213 192 138
289 392 439 455
219 166 59 235
326 370 462 328
242 141 97 99
2 94 370 326
141 94 2 97
305 289 455 460
235 59 75 240
449 254 339 448
110 24 229 228
255 359 446 261
226 130 25 31
450 253 254 449
24 23 230 229
451 252 253 450
23 22 231 230
452 256 252 451
22 26 232 231
452 453 341 256
112 233 232 26
414 463 464 413
244 243 190 189
286 414 413 441
189 190 56 221
442 258 286 441
56 28 222 221
443 257 258 442
28 27 223 222
259 257 443 444
223 27 29 224
444 445 260 259
30 225 224 29
445 342 467 260
247 113 225 30
458 459 309 250
79 239 238 20
392 289 305 290
75 59 166 60
328 290 305 460
75 60 99 240
401 435 433 376
213 215 177 147
309 392 290 250
60 166 79 20
376 433 416 411
192 213 147 187
453 464 463 341
243 244 233 112
357 465 464 453
244 245 128 233
465 357 343 412
114 128 245 188
399 412 343 437
114 188 174 217
360 344 440 363
220 115 131 134
399 437 420 456
198 217 174 236
420 360 363 456
134 131 198 236
383 372 265 353
35 143 156 124
339 390 249 255
7 163 110 25
448 339 255 261
25 110 228 31
13 312 317 14
87 82 13 14
312 311 402 317
178 81 82 87
311 310 318 402
88 80 81 178
310 415 324 318
95 191 80 88
