540.024847984314 1448.62549781799
539.971933364868 1215.42118549347
540.028066635132 1337.26581931114
559.317955970764 1047.79342889786
539.836943149567 1170.28630971909
540.0972032547 1106.12163305283
540.5151450634 890.357666015625
767.111027240753 845.296096801758
540.04860162735 693.523596525192
540.014033317566 599.220131635666
539.975152015686 237.651003599167
539.975152015686 1479.03951644897
539.982748031616 1507.87731170654
539.975152015686 1537.01256752014
540.024847984314 1543.5171353817
540.024847984314 1567.17345356941
540.024847984314 1597.03476190567
540.024847984314 1636.18218541145
540.034568309784 1734.64361429214
540.198719501495 1249.81784105301
568.325157165527 1274.08019542694
966.700441539288 564.192960262299
684.795609712601 909.258717298508
714.141368865967 916.915547847748
743.990396261215 909.001218080521
783.369365930557 863.870841264725
655.169055461884 896.227351427078
707.147272825241 763.704439401627
680.298478603363 768.288745880127
735.132250785828 770.928311347961
758.264758586884 784.972075223923
812.384634017944 911.99818611145
651.359878778458 1870.91614365578
777.494169473648 833.831956386566
965.185197293758 887.902293205261
853.281004428864 868.803684711456
695.727370977402 1186.38133406639
570.508915185928 1443.89682769775
567.912590503693 1510.0262260437
605.032196044922 1459.04839396477
632.213637828827 1479.72097635269
593.59607219696 1511.51141166687
616.92733168602 1515.57397127151
675.031317472458 1615.72714090347
554.345655441284 1215.73637723923
555.874933004379 1170.81692218781
801.613805294037 698.167845010757
646.679155826569 1010.48184514046
615.795493125916 1217.92525291443
624.939841032028 1184.90501403809
780.952320098877 1181.16651177406
557.960393428802 1109.0831387043
715.811043977737 628.000234365463
759.896646738052 650.999439954758
897.161402106285 430.267034769058
596.613589525223 671.794155836105
656.218786239624 785.631304979324
697.150787115097 1546.86052322388
1007.31060147285 1620.83319425583
601.841869354248 1271.6737818718
586.33415222168 1298.23827981949
667.468067407608 1542.25835323334
656.219880580902 1541.13070249558
780.757913589478 603.689053058624
623.643851280212 1250.37729978561
663.207474946976 624.628132581711
666.248745918274 567.964807748795
722.054518461227 265.765128135681
831.682087182999 515.046601295471
686.338920593262 419.833023548126
832.008233070374 664.98101234436
892.850035429001 618.820506334305
569.290688037872 1478.95959377289
597.425751686096 1484.12995576859
623.417032957077 1496.03578805923
599.067360162735 1287.74644374847
660.848751068115 1540.59347391129
644.717870950699 1568.51877450943
644.080674648285 1540.57574272156
583.154640197754 1236.84866666794
614.349353313446 1537.05252885818
591.643445491791 1537.05252885818
566.582032442093 1537.05252885818
576.90575838089 1729.80180859566
569.88469004631 1634.42163705826
569.066026210785 1593.64254713058
569.028239250183 1564.26964044571
569.124348163605 1543.5171353817
617.822631597519 1543.5171353817
619.402667284012 1561.85872793198
622.985025644302 1580.29810667038
628.226276636124 1598.53979587555
658.69740486145 1419.85201120377
1064.9296804145 1243.2755613327
540.092890262604 1287.92640209198
633.7440097332 1543.78799915314
637.603912353516 1558.04705142975
574.473584890366 1335.40761709213
623.452695608139 1300.88671088219
579.873611927032 1318.2004237175
678.110407590866 1050.97908854485
718.67303609848 1101.28207683563
635.395306348801 1214.26230669022
818.449923992157 327.840700149536
765.960842370987 447.210112810135
726.474949121475 569.489954710007
648.529204130173 1662.60470151901
602.933764457703 580.920749902725
615.853815078735 416.991534233093
634.826152324677 241.760272979736
767.928596735001 885.673456192017
843.548045754433 966.612367630005
634.195425510406 885.71341753006
802.294195890427 789.076845645905
618.100208044052 972.273380756378
595.792801380157 1191.99801921844
887.155196070671 1015.76984167099
812.907359004021 1014.97061491013
770.831626653671 1038.23843479156
720.54577589035 1022.78067469597
681.743524074554 992.799482345581
649.118893146515 960.494048595428
565.47719836235 900.889331102371
875.619712471962 1163.11126470566
832.721035480499 774.671180248261
550.015926361084 1248.53021264076
642.956399917603 1076.99524283409
1058.97347956896 891.472084522247
619.657552242279 933.35685968399
651.247547864914 1218.32936525345
792.212415933609 836.888998746872
605.749311447144 1152.08669900894
1045.10088130832 1430.47246456146
627.421678304672 859.484091997147
580.194350481033 1122.7582526207
821.902683377266 1731.03386163712
865.921322107315 1846.90242290497
963.845997154713 1200.47617435455
881.701192259789 1643.37059497833
934.837206602097 740.776290893555
663.374876976013 1960.60182452202
549.755634069443 1286.21917963028
667.024215459824 1129.03205037117
891.649076342583 882.829585075378
735.712187290192 879.641675949097
709.166879653931 889.325287342072
652.211984395981 1576.68173789978
877.084198594093 1306.55434012413
614.534039497375 2095.82424402237
735.487557649612 1994.19276952744
792.452173233032 1930.7362818718
539.975152015686 423.07875752449
540.024847984314 2118.88564109802
684.536411762238 885.38486123085
655.336425304413 878.092181682587
636.797157526016 868.197648525238
869.40755546093 759.466420412064
660.241810083389 804.270490407944
684.761041402817 790.255572795868
709.166879653931 788.892520666122
735.712187290192 795.514855384827
754.47180390358 806.206365823746
1017.21636146307 708.348723649979
754.47180390358 860.13683795929
540.012971162796 1372.92350649834
630.894956588745 1385.71510434151
598.6634516716 1256.69092655182
576.888474225998 1377.8230047226
540.083169937134 780.383269786835
768.183481693268 1820.28010010719
717.898693084717 1893.26035380363
604.24703836441 2003.37011575699
941.442473530769 1758.10899138451
638.526248931885 830.044627189636
587.944443225861 1002.99822449684
540.132833719254 2017.95785665512
674.528049230576 2051.70626521111
956.653197705746 1365.34884810448
595.445026159287 1543.5171353817
596.138387918472 1564.28313732147
597.119046449661 1589.09383535385
599.581443071365 1622.36270785332
615.58705329895 1702.31595039368
640.670031309128 1522.19405651093
647.202959060669 1511.97321653366
656.208003759384 1504.5007109642
682.715524435043 1473.90011787415
812.243158221245 1334.9593091011
591.008405685425 934.286953210831
608.696630001068 798.949148654938
630.542868375778 818.545024394989
633.543133735657 1537.05252885818
833.740559220314 1517.52982735634
574.270552396774 782.929680347443
635.729048252106 1785.60596466064
540.011876821518 1043.01156520844
562.513689994812 982.691910266876
540.028066635132 975.994151830673
613.319031000137 1095.76754450798
540.123113393784 1924.55577135086
540.093952417374 1824.23838973045
586.927092075348 1818.62620353699
707.887079715729 1654.87456440926
670.778288841248 1274.30223226547
675.763560533524 1732.01066493988
734.736968278885 1267.03826665878
694.27260518074 1341.4793586731
761.09327673912 1379.90972757339
596.429997682571 1914.69895005226
636.135113239288 1129.36510562897
740.932935476303 1721.1837887764
697.541756629944 1803.86763453484
729.488153457642 1562.86437749863
875.776315927505 1434.78590726852
777.840850353241 1586.54080867767
935.471152067184 1515.59620141983
716.290558576584 1431.30728602409
615.725294351578 1035.67879199982
588.029769659042 1217.94298410416
607.916879653931 1240.74913144112
575.328973531723 1176.43347501755
632.111027240753 744.18835401535
672.790331840515 716.567130088806
708.363375663757 710.735156536102
742.093935012817 715.577094554901
773.791916370392 739.681853055954
819.454320073128 849.784866571426
968.775119483471 1040.65384626389
790.979028940201 942.523223161697
758.290668725967 961.650677919388
719.891295433044 963.209170103073
684.258835315704 945.97749710083
652.307031154633 925.065146684647
626.26930475235 910.706191062927
1071.83411993086 1067.32499599457
612.415072917938 1264.32989358902
584.669884443283 1063.57762813568
568.656710386276 1211.55168414116
565.824973583221 1251.70264005661
574.050235748291 1232.22651600838
611.289736032486 1292.84363150597
557.800555229187 1249.82445716858
558.918360471725 1282.82484769821
619.43398475647 865.3537774086
605.881083011627 880.218865871429
593.927625417709 888.9635181427
767.111027240753 817.521643638611
781.196390390396 806.688019037247
520.70901632309 1047.72462129593
312.888972759247 845.296096801758
511.674842834473 1274.08019542694
113.299534320831 564.192960262299
395.204422473907 909.258717298508
365.858631134033 916.915547847748
336.009571552277 909.001218080521
296.630666255951 863.870841264725
424.839570522308 896.225101947784
372.852694988251 763.704439401627
399.701521396637 768.288745880127
344.867749214172 770.928311347961
321.735241413116 784.972075223923
267.61105298996 911.987071037292
428.848528862 1871.15577936172
302.50586271286 833.831956386566
114.811592102051 887.911158800125
226.711463928223 868.80593419075
384.482131004334 1186.56327724457
509.491052627563 1443.89682769775
512.082002162933 1510.02410888672
474.967803955078 1459.04839396477
447.785267829895 1479.72097635269
486.40392780304 1511.51141166687
463.07373046875 1515.57622075081
405.159838199615 1616.3797545433
525.905978679657 1214.96599674225
523.695216178894 1170.49934864044
278.373255729675 698.205556869507
433.478493690491 1010.05338549614
464.034948348999 1217.83659696579
455.077443122864 1184.64301586151
299.066026210785 1181.15989565849
522.238326072693 1109.19852375984
364.174890518188 628.077907562256
320.086069107056 651.061631441116
182.838613986969 430.267034769058
483.423135280609 671.701000928879
423.781213760376 785.631304979324
382.936663627625 1546.68956279755
72.6894307136536 1620.83319425583
478.158130645752 1271.6737818718
493.66584777832 1298.23827981949
412.531900405884 1542.25835323334
423.801748752594 1541.13070249558
299.221551418304 603.757860660553
456.392905712128 1250.23068666458
416.790368556976 624.6790766716
413.740439414978 568.066960573196
358.010272979736 266.209069490433
248.300628662109 515.086562633514
393.62110376358 420.13273358345
247.977733612061 665.014357566834
187.140212059021 618.83612036705
510.709311962128 1478.95959377289
482.574248313904 1484.12995576859
456.582934856415 1496.03578805923
480.932672023773 1287.74644374847
419.151248931885 1540.59347391129
435.282096862793 1568.51877450943
435.919325351715 1540.57574272156
496.845359802246 1236.84866666794
465.650646686554 1537.05252885818
488.356554508209 1537.05252885818
513.417935371399 1537.05252885818
503.182818889618 1729.69303965569
510.115342140198 1634.42163705826
510.933973789215 1593.64254713058
510.971760749817 1564.26964044571
510.875651836395 1543.5171353817
462.177336215973 1543.5171353817
460.59730052948 1561.85872793198
457.014942169189 1580.29810667038
451.773691177368 1598.53979587555
421.259400844574 1420.60016155243
15.0703024864197 1243.2755613327
446.256022453308 1543.78799915314
442.398211956024 1558.04705142975
505.5317902565 1335.41211605072
456.550555229187 1300.77569246292
500.131795406342 1318.20492267609
402.253589630127 1050.84147334099
361.167125701904 1101.01121306419
444.577689170837 1214.03365373611
261.550076007843 327.840700149536
314.010028839111 447.347728013992
353.501265048981 569.609838724136
431.558310985565 1662.79101133347
477.072737216949 580.911884307861
464.071705341339 417.073574066162
444.780721664429 242.077714204788
312.071371078491 885.673456192017
236.444406509399 966.599135398865
445.773224830627 885.628995895386
277.700428962708 789.090077877045
462.071506977081 971.587421894073
483.982536792755 1191.18542790413
192.842631340027 1015.77434062958
267.081842422485 1014.94401812553
309.142463207245 1038.13191533089
359.517953395844 1022.694003582
398.410906791687 992.681847810745
431.069011688232 960.09006857872
514.640507698059 900.491967201233
204.39218044281 1163.11576366425
247.270338535309 774.6890437603
530.142817497253 1249.23403501511
437.083575725555 1076.75322532654
21.0265445709229 891.472084522247
460.620024204254 932.400037050247
428.765423297882 1218.0873477459
287.787616252899 836.888998746872
474.540109634399 1152.21769809723
34.8991227149963 1430.47246456146
452.536189556122 859.495207071304
499.253747463226 1121.95479154587
258.156716823578 1731.05159282684
214.078710079193 1846.90242290497
116.163747310638 1200.48940658569
198.340923786163 1643.3772110939
145.157418251038 740.785156488419
416.800088882446 1960.80613017082
530.330786705017 1286.35229587555
412.622666358948 1128.46160888672
188.343343734741 882.838450670242
344.287812709808 879.641675949097
370.833120346069 889.325287342072
427.787983417511 1576.68173789978
202.947134971619 1306.55658960342
466.545946598053 2096.93429589272
344.511380195618 1994.19276952744
287.547826766968 1930.7362818718
395.463588237762 885.38486123085
424.663574695587 878.092181682587
443.16721200943 868.157687187195
210.582740306854 759.479784965515
419.758222103119 804.270490407944
395.238990783691 790.255572795868
370.833120346069 788.892520666122
344.287812709808 795.514855384827
325.528228282928 806.206365823746
62.7836465835571 708.348723649979
325.528228282928 860.13683795929
449.088821411133 1385.51754713058
481.3365483284 1256.69092655182
503.11368227005 1377.82088756561
311.884560585022 1820.34454107285
362.199604511261 1893.37362170219
476.172029972076 2003.84303569794
138.557510375977 1758.10899138451
441.467249393463 830.044627189636
492.111690044403 1002.51643896103
405.471982955933 2051.70626521111
123.368375301361 1365.36432981491
484.554941654205 1543.5171353817
483.86157989502 1564.28313732147
482.880985736847 1589.09383535385
480.418589115143 1622.36270785332
464.460453987122 1702.81771659851
439.340751171112 1522.2006726265
432.797040939331 1511.97321653366
423.792028427124 1504.5007109642
397.506980895996 1472.97002434731
267.804365158081 1334.91934776306
488.995907306671 933.276937007904
471.3725066185 798.81814956665
449.45169210434 818.545024394989
446.456866264343 1537.05252885818
246.331779956818 1517.54319190979
505.875220298767 782.512203454971
444.559342861176 1785.85896492004
517.539224624634 982.494353055954
466.576201915741 1095.52340984344
493.254375457764 1818.74608755112
372.257630825043 1655.04327535629
409.31028842926 1274.3199634552
404.395215511322 1732.29264378548
345.386145114899 1266.99618816376
385.814909934998 1341.6303384304
318.963983058929 1379.79659199715
483.827011585236 1914.95419979095
443.802251815796 1129.17416453362
339.179427623749 1721.29255771637
382.606172561646 1804.06082510948
350.629584789276 1562.83116459847
204.273347854614 1434.79702234268
302.268261909485 1586.56065702438
144.555852413177 1515.60506701469
363.758010864258 1431.00532650948
464.311430454254 1035.24371623993
491.873059272766 1217.39464044571
472.220299243927 1240.50261497498
505.45402765274 1176.91089391708
447.907319068909 744.09294962883
407.210762500763 716.5693795681
371.632311344147 710.761885643005
337.897439002991 715.608057975769
306.199457645416 739.706200361252
260.5424451828 849.78711605072
111.225950717926 1040.66721081734
289.016625881195 942.494376897812
321.716895103455 961.621831655502
360.152993202209 963.182573318481
395.814614295959 945.915305614471
427.813925743103 924.823129177094
453.969390392303 910.077924728394
8.16481590270996 1067.32499599457
467.43262052536 1264.11235570908
495.324740409851 1063.15578460693
511.310877799988 1212.3820066452
514.1739320755 1251.70264005661
505.948669910431 1232.22651600838
468.681135177612 1292.77045726776
522.384130954742 1249.97980356216
521.130208969116 1282.88703918457
460.51741361618 865.371508598328
474.446189403534 877.636992931366
486.263530254364 887.447236776352
312.888972759247 817.521643638611
298.803577423096 806.688019037247
