-0.04447353, -0.03924493, -0.03849613
-0.05475489, -0.01507508, -0.04992459
-0.0442822, -0.02219884, -0.03844734
-0.05177698, 0.006195706, -0.04111371
-0.05602789, -0.008656215, -0.05170256
-0.05406956, -0.0002530635, -0.0503585
-0.04236668, 0.02131736, -0.03927996
-0.05395976, 0.02477201, 0.009652577
-0.03929749, 0.03712159, -0.03698869
-0.04006261, 0.04559457, -0.03818228
-0.03509746, 0.07762457, -0.03431995
-0.04389172, -0.04294078, -0.03776821
-0.04233684, -0.04593449, -0.03621669
-0.04031498, -0.04741025, -0.03426504
-0.03947696, -0.05222509, -0.03303464
-0.04020092, -0.05556738, -0.03361432
-0.04090411, -0.05950825, -0.03442295
-0.04004587, -0.06386793, -0.03350612
-0.03567419, -0.070328, -0.02885514
-0.05254633, -0.01839083, -0.04766806
-0.05050841, -0.01781406, -0.03756131
-0.04820777, 0.05562009, 0.04551622
-0.04593528, 0.01849849, -0.007777905
-0.04954948, 0.01799222, -0.003152727
-0.05231906, 0.01838025, 0.002245955
-0.05433064, 0.02226384, 0.01174112
-0.04253531, 0.02038284, -0.01100715
-0.05298127, 0.03381208, -0.004105202
-0.04883694, 0.0335582, -0.008802415
-0.05567358, 0.03319712, 0.001775135
-0.05669151, 0.03143958, 0.006573296
-0.05526309, 0.01824277, 0.0171389
-0.04539867, -0.07868405, -0.006806067
-0.0541686, 0.02637149, 0.01271445
-0.04876364, 0.02471522, 0.04989122
-0.05561516, 0.02376462, 0.02640942
-0.05356786, -0.009560102, -0.008049677
-0.04860228, -0.03787461, -0.03244881
-0.04551244, -0.04578937, -0.03098297
-0.05079416, -0.04018075, -0.02411204
-0.05042392, -0.0435021, -0.01713612
-0.04707446, -0.04618401, -0.02512195
-0.04679393, -0.04723933, -0.01882957
-0.04895226, -0.05585427, -0.004198619
-0.05749708, -0.01476141, -0.04621991
-0.05913504, -0.008686049, -0.04728465
-0.06117478, 0.03932197, 0.01398141
-0.04621363, 0.007309146, -0.01769314
-0.05626445, -0.01292871, -0.02499472
-0.05515793, -0.009509373, -0.02343476
-0.0590696, -0.008717012, 0.01001457
-0.05620641, -0.0007545368, -0.04493766
-0.05955577, 0.04406926, -0.004416981
-0.06157103, 0.04287061, 0.005174738
-0.05229994, 0.06592908, 0.03178931
-0.04637877, 0.03851004, -0.02655147
-0.0440718, 0.03204194, -0.01132076
-0.05084492, -0.04850945, -0.0001013055
-0.03363889, -0.0448825, 0.05977038
-0.05208258, -0.01652256, -0.02619768
-0.04947706, -0.01890114, -0.03050562
-0.04715345, -0.04965219, -0.00494377
-0.04605617, -0.04906539, -0.008731727
-0.06166626, 0.0479398, 0.009596597
-0.05420293, -0.01604357, -0.02236721
-0.05487596, 0.0432107, -0.01492515
-0.05639214, 0.04849764, -0.01531592
-0.0521108, 0.07651897, -0.003766402
-0.0577859, 0.05677251, 0.0193464
-0.05411419, 0.06272311, -0.01013132
-0.06002115, 0.04336964, 0.02043893
-0.05453806, 0.04891466, 0.0323081
-0.04761539, -0.04232647, -0.03210869
-0.04902558, -0.04376199, -0.02489285
-0.04900188, -0.04545671, -0.0183699
-0.05041176, -0.01789928, -0.02650682
-0.04669791, -0.04952408, -0.006925572
-0.04758689, -0.05136446, -0.01152685
-0.04547403, -0.04847934, -0.009587301
-0.05532982, -0.01409235, -0.03480499
-0.04503142, -0.04700888, -0.01923143
-0.04445037, -0.0469553, -0.02430955
-0.04299811, -0.04706293, -0.02959939
-0.04095455, -0.06952708, -0.02290494
-0.04481037, -0.0629217, -0.02759681
-0.04511045, -0.05855198, -0.02851845
-0.0438533, -0.05451872, -0.02800156
-0.04268377, -0.05176019, -0.02784708
-0.04537122, -0.05040959, -0.01755589
-0.04679517, -0.05144643, -0.01760638
-0.04843496, -0.05348219, -0.01709585
-0.04868282, -0.05597282, -0.0151649
-0.0525388, -0.03488186, -0.01254084
-0.0328401, -0.006901666, 0.0705438
-0.0472946, -0.01974675, -0.0415322
-0.04490955, -0.049916, -0.01321616
-0.04644545, -0.05043318, -0.01271348
-0.04822838, -0.02213331, -0.03181615
-0.05021245, -0.02036619, -0.02056777
-0.0489393, -0.02058125, -0.03132223
-0.04879853, 0.003488328, -0.01150776
-0.05371087, -0.001020248, -0.003385514
-0.05352829, -0.01255764, -0.02014675
-0.05440661, 0.07286063, 0.01495843
-0.05783437, 0.06161246, 0.005664647
-0.06018195, 0.04988132, -0.002136602
-0.04744048, -0.06083358, -0.009783372
-0.04924581, 0.04668579, -0.0274011
-0.0477566, 0.0621603, -0.02383352
-0.04620221, 0.07759573, -0.02000558
-0.05397249, 0.0197589, 0.007848529
-0.05699165, 0.013772, 0.02417327
-0.04005422, 0.02234236, -0.01251586
-0.05732748, 0.03079275, 0.01525781
-0.04495179, 0.01155702, -0.02252915
-0.05779874, -0.01039538, -0.03223646
-0.0565807, 0.009670383, 0.03399085
-0.05788654, 0.008438775, 0.01739557
-0.05666803, 0.005435737, 0.007744904
-0.05125999, 0.006424949, -0.002400381
-0.04680703, 0.009272574, -0.009392354
-0.04385665, 0.01237582, -0.01528461
-0.04439469, 0.01985769, -0.03327631
-0.05703771, -0.005175887, 0.03260244
-0.05835921, 0.03253936, 0.02078023
-0.05409493, -0.01806369, -0.04530904
-0.04801342, 0.000767719, -0.0194632
-0.03684155, 0.02709614, 0.06688669
-0.04160135, 0.01599891, -0.01931401
-0.04991183, -0.0129914, -0.01513682
-0.05448537, 0.02616948, 0.01489968
-0.05630153, -0.006296355, -0.03048501
-0.0330956, -0.02543715, 0.06727598
-0.03906193, 0.02502887, -0.01125117
-0.05695929, -0.002828624, -0.03857899
-0.0464798, -0.06165904, 0.02686498
-0.03873663, -0.07063507, 0.03482615
-0.04702956, -0.006081179, 0.05360305
-0.04605564, -0.05169104, 0.0373371
-0.05067651, 0.03847338, 0.04266753
-0.04375235, -0.08622822, -0.002868712
-0.04857975, -0.01944654, -0.03954764
-0.04993807, -0.004233678, -0.01400493
-0.05475291, 0.02324899, 0.03465177
-0.05206801, 0.0226077, 0.002500956
-0.04939746, 0.02191778, -0.00247382
-0.04801898, -0.05267113, -0.009489078
-0.05490695, -0.01940296, 0.03365955
-0.03528338, -0.0975016, -0.009176154
-0.03906015, -0.08719546, 0.01229771
-0.03921066, -0.08035692, 0.022481
-0.0379237, 0.06150586, -0.03652642
-0.0276872, -0.09929286, -0.01990106
-0.04624333, 0.02228588, -0.006421528
-0.04271651, 0.02352475, -0.009139905
-0.04005774, 0.02441973, -0.01024497
-0.05698444, 0.03489931, 0.02833499
-0.04363987, 0.02832711, -0.009583516
-0.04766101, 0.02926112, -0.006999522
-0.05098705, 0.02956727, -0.002946103
-0.05365177, 0.02886826, 0.002156967
-0.05473622, 0.02767239, 0.006198455
-0.04243955, 0.04378846, 0.05804193
-0.05331872, 0.02371753, 0.006599186
-0.0433303, -0.02763667, -0.03744123
-0.05179848, -0.03047872, -0.01873489
-0.05372066, -0.01536445, -0.02798198
-0.04827094, -0.02816588, -0.03104416
-0.03912144, 0.02946605, -0.03650946
-0.04559898, -0.07139312, 0.01738811
-0.04463291, -0.07886548, 0.00767505
-0.04060201, -0.09138028, -0.01470749
-0.03592419, -0.06004726, 0.04792261
-0.04063348, 0.02653525, -0.01083012
-0.04838112, 0.009469509, -0.03137393
-0.03274481, -0.09333684, -0.02516245
-0.03854282, -0.09315109, 0.001376282
-0.04596517, -0.02248517, 0.05176082
-0.04448803, -0.05103549, -0.02247682
-0.04594905, -0.05303333, -0.02249897
-0.04735686, -0.05617295, -0.02236746
-0.0474093, -0.06014867, -0.02091969
-0.04522621, -0.06570087, -0.01618892
-0.04653324, -0.04806567, -0.01327648
-0.04794344, -0.04745895, -0.01175443
-0.04918712, -0.04633243, -0.0104916
-0.05215975, -0.04110639, -0.005722859
-0.05749197, -0.02342415, 0.01835313
-0.04432414, 0.01622742, -0.02764898
-0.03918755, 0.02909818, -0.01827366
-0.03976877, 0.02823147, -0.01372909
-0.04493815, -0.04721152, -0.0140017
-0.05214171, -0.04093324, 0.02653865
-0.04119414, 0.02870422, -0.02776686
-0.04509476, -0.07166529, -0.01122743
-0.05001006, 0.007012452, -0.04649294
-0.04861054, 0.01259048, -0.03763562
-0.04605637, 0.0138845, -0.04267446
-0.05132806, -0.0006957951, -0.02790975
-0.03513421, -0.08574153, -0.02778956
-0.03531373, -0.07742495, -0.02817434
-0.04127774, -0.07619423, -0.02016913
-0.05010214, -0.0579161, 0.00241565
-0.05175856, -0.01858846, -0.01059552
-0.04788565, -0.06569931, -0.003756903
-0.05746409, -0.01759912, 0.000229461
-0.05394916, -0.02563188, -0.005987911
-0.05716747, -0.02884068, 0.007736936
-0.04218114, -0.08402371, -0.01794676
-0.05079205, -0.004362541, -0.02194546
-0.04943223, -0.06310845, 0.01059566
-0.04698125, -0.07144388, 0.002584355
-0.05255327, -0.04864179, 0.006078488
-0.05235402, -0.03183834, 0.03437512
-0.05290656, -0.04916392, 0.01542513
-0.04513272, -0.03782172, 0.04776884
-0.05447344, -0.03523803, -0.0003844909
-0.04790499, 0.005298828, -0.02522233
-0.05736468, -0.01311906, -0.03451312
-0.05570509, -0.0149876, -0.02685241
-0.05877845, -0.009101974, -0.0397265
-0.04349897, 0.03422355, -0.01633003
-0.0506224, 0.03716107, -0.01049577
-0.05576598, 0.03766535, -0.004249531
-0.05856847, 0.0371897, 0.002822395
-0.05915181, 0.03506322, 0.009403667
-0.0551779, 0.02490942, 0.01928362
-0.04824667, 0.009556693, 0.05266413
-0.05521421, 0.01505031, 0.01265864
-0.05360074, 0.01283135, 0.005415426
-0.05007853, 0.01269564, -0.002115587
-0.04586039, 0.01427082, -0.008327653
-0.04242529, 0.0166036, -0.01285115
-0.04014326, 0.01887018, -0.01599463
-0.03351709, 0.01038356, 0.07039773
-0.05360552, -0.01689374, -0.02470183
-0.05184696, 0.003497325, -0.0344992
-0.05804655, -0.01354802, -0.04111592
-0.05423841, -0.0168188, -0.04166758
-0.05593852, -0.01448854, -0.03893055
-0.05122932, -0.01910476, -0.024423
-0.05471644, -0.01753411, -0.04355477
-0.04974892, -0.01892057, -0.03835661
-0.03846459, 0.02448917, -0.01363346
-0.03870073, 0.02247974, -0.01894948
-0.04055687, 0.02101899, -0.02341106
-0.05480465, 0.02684739, 0.009318097
-0.05643499, 0.02954971, 0.01156898
-0.04532363, 0.006009572, -0.04878853
0.004696537, 0.0238776, -0.05546195
-0.04306557, -0.01799414, -0.04557453
0.04145762, 0.05240805, -0.05399827
-0.0118925, 0.0182092, -0.04670454
-0.007623794, 0.01728911, -0.05075749
-0.002528144, 0.01732483, -0.05383623
0.006811279, 0.02117942, -0.05644532
-0.01471057, 0.02029198, -0.04247719
-0.007851952, 0.03378833, -0.05486864
-0.01199811, 0.03369917, -0.04985303
-0.002353486, 0.03291077, -0.05789536
0.002313797, 0.03094311, -0.05905221
0.0119244, 0.01656583, -0.05730248
-0.0141746, -0.07984733, -0.04006132
0.007756847, 0.02564021, -0.0558597
0.04478269, 0.02193078, -0.0530034
0.02124562, 0.02186947, -0.05835444
-0.01359321, -0.01075009, -0.0518908
-0.03877414, -0.03817935, -0.0435839
-0.03734339, -0.04605371, -0.04047949
-0.03085197, -0.04101742, -0.0467959
-0.0243487, -0.04450167, -0.04709347
-0.03186216, -0.04678079, -0.04309695
-0.02593986, -0.04797871, -0.04321064
-0.01147036, -0.05696753, -0.04531761
-0.05103697, -0.01488429, -0.05305832
-0.0516396, -0.008867532, -0.05527273
0.009904739, 0.03859152, -0.06461512
-0.02217298, 0.00669614, -0.04484208
-0.0305717, -0.01371306, -0.05318939
-0.02876556, -0.01039961, -0.05245753
0.003674199, -0.01060012, -0.05939319
-0.04928525, -0.0009882186, -0.05294967
-0.007245265, 0.04466487, -0.06097341
0.001824865, 0.04282987, -0.06405803
0.02822614, 0.06317851, -0.0574668
-0.02907342, 0.03898667, -0.04515715
-0.01461528, 0.03216093, -0.04434931
-0.007861058, -0.04982415, -0.04787917
0.05325596, -0.04721566, -0.03545004
-0.03198061, -0.01712571, -0.04802512
-0.03579287, -0.01929885, -0.04437007
-0.01316949, -0.05066005, -0.0437995
-0.01614631, -0.04993442, -0.04301139
0.006324963, 0.04774176, -0.06470709
-0.02790594, -0.01694216, -0.05093303
-0.01749203, 0.04386026, -0.0549825
-0.01769214, 0.04911163, -0.05680584
-0.00600354, 0.07517754, -0.0545447
0.01596454, 0.05522387, -0.06181877
-0.01272563, 0.06234861, -0.05535664
0.01626582, 0.042214, -0.0639295
0.02806509, 0.04668938, -0.05915894
-0.038492, -0.0426623, -0.04262371
-0.03173831, -0.04447308, -0.04500807
-0.02552366, -0.04632725, -0.04550258
-0.03209945, -0.0184739, -0.0458097
-0.01475483, -0.05048459, -0.04334841
-0.01878585, -0.05217692, -0.04384388
-0.01663103, -0.0493415, -0.04274268
-0.04047529, -0.01446605, -0.05184765
-0.02596449, -0.04762738, -0.04179346
-0.03096245, -0.04739013, -0.04053105
-0.03598961, -0.04727003, -0.03822525
-0.02948469, -0.06985961, -0.03488265
-0.03425112, -0.06310607, -0.03922061
-0.0353874, -0.05876777, -0.0396759
-0.03507627, -0.05472733, -0.03837468
-0.03482124, -0.05192656, -0.03735059
-0.02455411, -0.05099778, -0.04145836
-0.02445487, -0.05203349, -0.04277264
-0.02381018, -0.054082, -0.04432593
-0.02207452, -0.05659204, -0.0443968
-0.01933754, -0.03604706, -0.04952214
0.06501243, -0.009496915, -0.03637678
-0.02050407, -0.0506092, -0.04164131
-0.0199881, -0.05116791, -0.04285589
-0.03768007, -0.02249062, -0.04307357
-0.02613262, -0.02122401, -0.04582984
-0.03687401, -0.0209596, -0.04376717
-0.01645966, 0.002570681, -0.04777438
-0.008819912, -0.002322209, -0.05308243
-0.0255803, -0.01353464, -0.05064335
0.0122038, 0.07078084, -0.05840936
0.003000459, 0.06081701, -0.06071077
-0.00498141, 0.05026069, -0.06201429
-0.01687785, -0.06174925, -0.04332166
-0.02946251, 0.04726823, -0.04842335
-0.02586151, 0.06193288, -0.04763024
-0.02130767, 0.07697401, -0.04694394
0.002916734, 0.01856859, -0.05583942
0.01854424, 0.01162394, -0.05919573
-0.01636776, 0.02231638, -0.03962712
0.01054026, 0.0297461, -0.06011137
-0.02668408, 0.01112722, -0.04341514
-0.0374543, -0.01094069, -0.05464638
0.0278731, 0.007160853, -0.05934139
0.01141093, 0.006374386, -0.05958254
0.002023565, 0.003708903, -0.05757812
-0.007637267, 0.005261634, -0.0513043
-0.01407972, 0.00850079, -0.04631519
-0.01942986, 0.01188868, -0.04294167
-0.03683702, 0.0197548, -0.04187264
0.02552191, -0.007736634, -0.05899683
0.01588478, 0.03106612, -0.0617668
-0.05035234, -0.01810783, -0.04962124
-0.02446237, 4.555216E-05, -0.04602916
0.06235912, 0.02415574, -0.04192969
-0.02337046, 0.01574184, -0.04016566
-0.02079455, -0.01400763, -0.04650363
0.009964955, 0.02531183, -0.05655997
-0.03531534, -0.006967526, -0.0535588
0.06141791, -0.02795374, -0.03574701
-0.01514281, 0.02504892, -0.03884263
-0.04305479, -0.003260751, -0.0541565
0.01948282, -0.06379771, -0.0448018
0.02767854, -0.07279429, -0.03760958
0.0467272, -0.008749115, -0.04947863
0.03000876, -0.05386987, -0.04594703
0.03765029, 0.03581537, -0.05502374
-0.01068774, -0.08755813, -0.03830156
-0.04541304, -0.0195073, -0.04292228
-0.01913921, -0.005199371, -0.04809518
0.02929959, 0.0209356, -0.05807541
-0.002281978, 0.02182414, -0.05327098
-0.006972211, 0.02142328, -0.05047741
-0.01694087, -0.05351038, -0.04427401
0.0263098, -0.02181905, -0.05609161
-0.01732324, -0.09824158, -0.02854685
0.004235271, -0.08891329, -0.03488935
0.01478465, -0.08233477, -0.0364357
-0.01048479, 0.02207807, -0.04696683
-0.01307634, 0.02344644, -0.04299476
-0.01427234, 0.02438122, -0.03998051
0.0234074, 0.03303204, -0.06089893
-0.01313424, 0.02826364, -0.04452854
-0.0102834, 0.02924655, -0.04914924
-0.006647233, 0.02931859, -0.05275009
-0.001979726, 0.0284082, -0.05553422
0.001805115, 0.02709853, -0.05656663
0.05356826, 0.04059187, -0.04770217
0.001618356, 0.02279024, -0.0546661
-0.02505169, -0.03147052, -0.04813063
-0.03351668, -0.0158742, -0.0496183
-0.03708532, -0.02857964, -0.04335118
0.01001674, -0.07342758, -0.04245894
0.0001694633, -0.08066805, -0.04033136
-0.02234364, -0.09206352, -0.03413834
0.04087361, -0.06216909, -0.03648544
-0.01474996, 0.02643325, -0.04085618
-0.03553142, 0.009143174, -0.04593829
-0.006977598, -0.09438101, -0.03310722
0.04471902, -0.02499748, -0.04776688
-0.02964632, -0.0514402, -0.03991998
-0.02957935, -0.05343863, -0.04132412
-0.02934584, -0.05652095, -0.04275513
-0.02797227, -0.06048463, -0.04257778
-0.02313107, -0.06629383, -0.04046864
-0.02054732, -0.04886864, -0.04348556
-0.01936563, -0.04837944, -0.04485174
-0.01816932, -0.04733003, -0.04616709
-0.01327626, -0.04238275, -0.04949044
0.01145273, -0.02546244, -0.05765573
-0.03154411, 0.01600392, -0.042254
-0.02174366, 0.02924759, -0.03792898
-0.01749625, 0.02827154, -0.03946775
-0.02095496, -0.04796993, -0.04217308
0.01920765, -0.04298236, -0.05161884
-0.03090941, 0.02878879, -0.03932991
-0.01812072, -0.07264818, -0.03998394
-0.04132474, 0.01245619, -0.04573502
-0.03255635, -0.001266546, -0.04871394
-0.02712799, -0.07671765, -0.03493907
-0.004600574, -0.05936353, -0.04673243
-0.01647856, -0.01978447, -0.0487965
-0.01055823, -0.06702815, -0.04367732
-0.005727598, -0.01911516, -0.05615735
-0.01233059, -0.02697416, -0.05156203
0.001130444, -0.03060608, -0.05606558
-0.02528938, -0.08464032, -0.03591688
-0.02688922, -0.005146665, -0.04832201
0.003419363, -0.06496356, -0.04618566
-0.004638251, -0.07306343, -0.04249864
-0.001504323, -0.05018235, -0.05012931
0.02715428, -0.0340886, -0.05291393
0.008272515, -0.05105315, -0.05119035
0.0404076, -0.0401148, -0.0462945
-0.007314475, -0.03671169, -0.05250461
-0.0298743, 0.00478387, -0.04574992
-0.03989517, -0.01355213, -0.05408818
-0.03228999, -0.01563472, -0.05211096
-0.0447191, -0.009466161, -0.05536579
-0.01972749, 0.0343782, -0.0430533
-0.01369322, 0.03739538, -0.05101167
-0.007639633, 0.03785644, -0.05697268
-0.001092936, 0.03694201, -0.06057255
0.005161472, 0.03446484, -0.06172362
0.01433817, 0.02351426, -0.05762295
0.04645631, 0.006788601, -0.05180428
0.007296425, 0.01346368, -0.05689177
0.0003224834, 0.01142012, -0.05466998
-0.006854756, 0.01175444, -0.05064739
-0.01263273, 0.01375108, -0.04599412
-0.01666612, 0.01633096, -0.04183057
-0.01975786, 0.01875554, -0.03913091
0.06534258, 0.007650084, -0.03808572
-0.03020567, -0.01763511, -0.04982995
-0.03916094, 0.003101814, -0.04907481
-0.04615586, -0.01382709, -0.0541362
-0.04651841, -0.01700569, -0.04991987
-0.04408287, -0.0147447, -0.05202645
-0.02983152, -0.01984584, -0.0469451
-0.04842612, -0.01764246, -0.05025785
-0.04401051, -0.0190655, -0.04441385
-0.01739328, 0.02458869, -0.03761042
-0.02248511, 0.02255561, -0.03731523
-0.02690191, 0.02100237, -0.03872717
0.004682736, 0.02622268, -0.05655761
0.007111049, 0.02889235, -0.05879749
