-0.0007255971, -0.03646652, -0.06057787
0.0003362074, -0.01158128, -0.07472336
-0.0009610131, -0.01944871, -0.05960473
-0.004581869, 0.009194165, -0.06560528
0.0006700233, -0.005061621, -0.07655808
0.0008329824, 0.003226685, -0.07381365
0.0001062751, 0.02400812, -0.05670872
-0.04393684, 0.02546991, -0.03223845
0.0001743734, 0.03962052, -0.05215988
0.0003785416, 0.04815387, -0.05313027
0.0002492294, 0.0798581, -0.04536393
-0.0008008927, -0.04020357, -0.05983195
-0.0008434877, -0.04329823, -0.0577805
-0.0008967221, -0.04490534, -0.05504388
-0.001149446, -0.04978852, -0.05382341
-0.00114394, -0.05308426, -0.05490467
-0.0009436905, -0.05696778, -0.05615246
-0.0009597689, -0.06138247, -0.0551064
-0.001330636, -0.06814209, -0.04905283
0.0002186969, -0.01504403, -0.07173014
-0.00589174, -0.01497494, -0.06340608
-0.06717006, 0.05451163, -0.002444386
-0.02552904, 0.01982819, -0.03831255
-0.03137136, 0.0191893, -0.03790012
-0.03723412, 0.01938982, -0.03630176
-0.04568214, 0.0228774, -0.03122687
-0.02088937, 0.02178413, -0.03788081
-0.033282, 0.03510696, -0.04033527
-0.02701492, 0.03497846, -0.04043987
-0.03942949, 0.03428204, -0.03840318
-0.04362785, 0.0323292, -0.03601411
-0.05022264, 0.01863463, -0.02847782
-0.02401543, -0.07728567, -0.04181778
-0.04637165, 0.0269317, -0.03026059
-0.07018346, 0.02345824, -0.001364201
-0.057419, 0.02373263, -0.02225044
-0.02992608, -0.008016198, -0.04545194
-0.008001722, -0.03528516, -0.0595023
-0.00685294, -0.04332395, -0.05660447
-0.01559565, -0.0379224, -0.0556291
-0.02043929, -0.04156688, -0.05082402
-0.01222951, -0.04395248, -0.05383956
-0.01667187, -0.0453006, -0.04945385
-0.02877461, -0.05452742, -0.04162252
-0.004254423, -0.01137807, -0.07424644
-0.004686929, -0.005226204, -0.0758878
-0.05227393, 0.03995967, -0.03398106
-0.01817138, 0.00911318, -0.04570472
-0.01915023, -0.01054618, -0.05898833
-0.01962434, -0.007226678, -0.05696204
-0.0469996, -0.007881717, -0.03734183
-0.00460308, 0.002524086, -0.07177439
-0.03767478, 0.04550799, -0.04492363
-0.04609883, 0.04391552, -0.04002479
-0.05997591, 0.06552465, -0.01420903
-0.01233482, 0.04068312, -0.0503163
-0.02191631, 0.03347597, -0.03868079
-0.03321895, -0.04733852, -0.03992429
-0.06596503, -0.04683076, 0.01319122
-0.01537664, -0.01417114, -0.05687395
-0.01039231, -0.01640602, -0.05795401
-0.02713224, -0.04833825, -0.04050288
-0.0236047, -0.04760262, -0.04220942
-0.04952929, 0.04877784, -0.03688657
-0.01964483, -0.01382209, -0.05584511
-0.02673996, 0.04502999, -0.04856512
-0.02757352, 0.05036094, -0.04970059
-0.03376859, 0.07772458, -0.03746259
-0.0542945, 0.0570686, -0.02705353
-0.03014651, 0.06428133, -0.04386657
-0.05634884, 0.04368146, -0.02859986
-0.06153854, 0.04855694, -0.01631224
-0.0075031, -0.0397683, -0.05875295
-0.01375894, -0.0415017, -0.05501431
-0.01853232, -0.04349338, -0.05069348
-0.01399685, -0.01556822, -0.05591118
-0.02536304, -0.04812947, -0.04149172
-0.02252465, -0.04973753, -0.04532665
-0.02259163, -0.04699079, -0.04232651
-0.01124661, -0.0112795, -0.06494349
-0.01519275, -0.04509032, -0.04841027
-0.01104873, -0.04481695, -0.05139023
-0.00615862, -0.0447138, -0.05387604
-0.009299241, -0.06749994, -0.04892042
-0.008553676, -0.06060453, -0.05461335
-0.008158498, -0.05619172, -0.0552496
-0.007771954, -0.0522146, -0.05378404
-0.007151954, -0.04949208, -0.05268648
-0.01659464, -0.04855599, -0.04769504
-0.01749593, -0.04955827, -0.04883009
-0.01893801, -0.05157918, -0.04979455
-0.02048434, -0.05414963, -0.0487971
-0.02542589, -0.03312217, -0.04889569
-0.07412248, -0.009409259, 0.02280039
-0.0007556677, -0.01679313, -0.06378916
-0.01950142, -0.04827173, -0.04441482
-0.02089699, -0.04877791, -0.04523659
-0.008520722, -0.01960116, -0.05806306
-0.01820552, -0.01830818, -0.05188906
-0.009394303, -0.01805827, -0.05818394
-0.02441034, 0.005070228, -0.04363853
-0.03363464, 0.0003022661, -0.04202357
-0.02089922, -0.01045694, -0.05369115
-0.04908562, 0.07326356, -0.02674991
-0.04430633, 0.06252974, -0.03605521
-0.03989392, 0.05122178, -0.0435819
-0.02353264, -0.05927749, -0.04449081
-0.01379416, 0.04894951, -0.05262318
-0.01572681, 0.06420849, -0.0484001
-0.0178073, 0.0794151, -0.04395574
-0.0425153, 0.02054611, -0.03369495
-0.05650023, 0.0138851, -0.02523869
-0.01814159, 0.02375633, -0.03696874
-0.05046337, 0.03129944, -0.03067943
-0.01382878, 0.01354959, -0.04782221
-0.01487853, -0.007651267, -0.06486937
-0.06340209, 0.009330381, -0.01853079
-0.0519897, 0.008888443, -0.03070402
-0.04397755, 0.006304614, -0.03642833
-0.03285632, 0.007639584, -0.03920111
-0.02474483, 0.01070696, -0.04047406
-0.0184627, 0.01401191, -0.04210678
-0.005668916, 0.02231951, -0.05424234
-0.06239758, -0.005423336, -0.02049729
-0.05527388, 0.03281339, -0.0276497
-0.002573952, -0.01479168, -0.07127446
-0.01794855, 0.002700268, -0.04853094
-0.07476718, 0.02479918, 0.01897892
-0.01403558, 0.01776584, -0.04297727
-0.02215984, -0.01119802, -0.04767218
-0.04819639, 0.02663679, -0.02903596
-0.01524427, -0.003670194, -0.06239378
-0.07152198, -0.02776579, 0.01954716
-0.01846022, 0.02635995, -0.03525963
-0.009770505, 0.0001779085, -0.06815574
-0.04996161, -0.06180052, -0.01919556
-0.05046143, -0.07129761, -0.00854373
-0.07116718, -0.007506182, 0.0009681284
-0.05760927, -0.05233395, -0.01137868
-0.06639604, 0.03757096, -0.006986856
-0.02567255, -0.08503615, -0.03830898
-0.00309363, -0.01655626, -0.0633916
-0.02318282, -0.002502796, -0.04652059
-0.06292161, 0.0228216, -0.01609927
-0.037335, 0.02359471, -0.03574672
-0.03184646, 0.02307544, -0.03714761
-0.02429675, -0.05112644, -0.04433811
-0.06147077, -0.01972679, -0.01887885
-0.01509176, -0.09619018, -0.03681535
-0.03370672, -0.08679835, -0.02469578
-0.04146748, -0.08043151, -0.01764441
0.0002880469, 0.06392247, -0.04969096
-0.002015524, -0.09765308, -0.0384905
-0.02681199, 0.02355531, -0.03745139
-0.02245216, 0.02484046, -0.0366129
-0.01986267, 0.02572715, -0.03534818
-0.05997855, 0.0347946, -0.02144691
-0.02283826, 0.029677, -0.03736839
-0.02747335, 0.03057883, -0.03856072
-0.03271467, 0.03077124, -0.03828138
-0.03826738, 0.02989736, -0.03685507
-0.04196198, 0.02854156, -0.03499725
-0.07231864, 0.04199653, 0.009680688
-0.04122785, 0.02454265, -0.0338656
-0.0009592846, -0.02494628, -0.05847999
-0.02043345, -0.02845719, -0.05230385
-0.01518264, -0.01289727, -0.05922934
-0.00900393, -0.0256604, -0.05785856
8.59946E-05, 0.03194905, -0.05206656
-0.04217569, -0.07110737, -0.02536818
-0.03420132, -0.07814644, -0.03153047
-0.01470105, -0.08970801, -0.04417625
-0.05845328, -0.06138402, 0.002830803
-0.0198584, 0.02787924, -0.03606775
-0.009558812, 0.01194414, -0.05639765
-0.001645468, -0.09135403, -0.04548484
-0.02517037, -0.09225757, -0.03193057
-0.06877304, -0.02382788, -0.0002517402
-0.01235035, -0.04897498, -0.05037791
-0.01327904, -0.05093752, -0.05156636
-0.01426353, -0.05404856, -0.05266574
-0.01529253, -0.05808432, -0.05191809
-0.01721317, -0.06389336, -0.04738608
-0.02058548, -0.04638577, -0.04556879
-0.02267162, -0.04581888, -0.04556006
-0.02446405, -0.04472462, -0.04557806
-0.03009095, -0.03965906, -0.04432628
-0.05181857, -0.02298596, -0.03126237
-0.009711437, 0.01843475, -0.05057937
-0.01343188, 0.03074825, -0.03988013
-0.01716595, 0.02968722, -0.03729689
-0.01899204, -0.04553414, -0.044837
-0.05393083, -0.04096346, -0.02262849
-0.007757433, 0.03083296, -0.04776022
-0.02067755, -0.07008012, -0.04423487
0.0005683526, 0.01021776, -0.06787524
-0.005144499, 0.01535275, -0.06062815
0.0002748594, 0.01682032, -0.06206512
-0.01390777, 0.001697289, -0.05672479
-0.001458131, -0.08359633, -0.04866016
-0.001454636, -0.07526892, -0.04866159
-0.01141086, -0.07427676, -0.04763362
-0.03439846, -0.05686444, -0.03812501
-0.02665234, -0.0169557, -0.04624826
-0.0281936, -0.0644032, -0.04099876
-0.03851437, -0.01633931, -0.04314595
-0.0313975, -0.02415344, -0.04510176
-0.04364804, -0.02791657, -0.03840935
-0.01351113, -0.08217831, -0.04717514
-0.01788534, -0.002249432, -0.05249307
-0.03989445, -0.06243915, -0.03237709
-0.03216184, -0.07045033, -0.03633884
-0.03893472, -0.04771651, -0.03704107
-0.06004179, -0.03223439, -0.01709387
-0.04607181, -0.04865818, -0.03104672
-0.06496643, -0.03898005, -0.003037423
-0.03570773, -0.03399239, -0.04217461
-0.01370546, 0.007486857, -0.05210796
-0.01285093, -0.01027664, -0.06620586
-0.01736078, -0.01252953, -0.05991954
-0.01002609, -0.005995351, -0.07056543
-0.01786969, 0.03587167, -0.04152083
-0.02703443, 0.03869299, -0.04272851
-0.03512409, 0.03902235, -0.04231
-0.04222929, 0.03828441, -0.0396522
-0.04744612, 0.03587203, -0.03576112
-0.05187907, 0.02519269, -0.02666137
-0.07159346, 0.008181015, 0.0001705587
-0.04681634, 0.01565032, -0.03160158
-0.04033307, 0.01373077, -0.03537965
-0.03239223, 0.01386353, -0.03784257
-0.02499085, 0.01562949, -0.03882471
-0.01937941, 0.01809177, -0.03921559
-0.01556308, 0.0204498, -0.03953466
-0.07480297, 0.007875156, 0.02301198
-0.01750048, -0.01457726, -0.05701199
-0.009466678, 0.006197956, -0.06133923
-0.008420698, -0.01038797, -0.07116637
-0.005386375, -0.01371198, -0.06887549
-0.008599006, -0.0114731, -0.06818393
-0.01606444, -0.0168498, -0.05517188
-0.004299335, -0.01432959, -0.07053035
-0.004771255, -0.0160601, -0.06343091
-0.01628665, 0.02591703, -0.03644404
-0.01247717, 0.02415868, -0.04028457
-0.01040043, 0.02294436, -0.04472274
-0.0442983, 0.02757628, -0.03299043
-0.04711175, 0.03020749, -0.0325565
0.005439423, 0.009219504, -0.06600061
0.04370111, 0.02628401, -0.03267398
0.00504569, -0.01494954, -0.06329709
0.06681663, 0.05391263, -0.003180951
0.02616912, 0.02058217, -0.03931758
0.03205649, 0.01975612, -0.0389286
0.03776198, 0.0198221, -0.037229
0.04590358, 0.0235884, -0.03189802
0.02110698, 0.02252994, -0.03846264
0.03462437, 0.03642732, -0.0410862
0.0281273, 0.03619868, -0.0407851
0.04058015, 0.03557006, -0.03909671
0.04461512, 0.03355655, -0.03651634
0.05006807, 0.01890896, -0.02891076
0.0216096, -0.07760298, -0.04113668
0.04602134, 0.02799612, -0.03059655
0.06890625, 0.02335676, -0.001483172
0.05701845, 0.02405155, -0.02247909
0.02941555, -0.008065562, -0.04541659
0.006851617, -0.03529314, -0.0597336
0.005671479, -0.04333057, -0.05695927
0.01461369, -0.03815253, -0.05616897
0.01927859, -0.04175988, -0.05172524
0.01131022, -0.0440559, -0.05470049
0.01540408, -0.04537566, -0.05045548
0.0268752, -0.05457066, -0.04159713
0.005151905, -0.011328, -0.07407182
0.006267358, -0.005204505, -0.07572311
0.05369021, 0.04128498, -0.03428462
0.01809337, 0.009221856, -0.04620475
0.01900301, -0.01059663, -0.05897784
0.01961406, -0.007360154, -0.05699578
0.04658269, -0.007947247, -0.03768697
0.005983304, 0.002507218, -0.07205272
0.03933623, 0.04755619, -0.04422975
0.04775761, 0.04566782, -0.039684
0.0602662, 0.06511533, -0.01478684
0.01305946, 0.04163516, -0.05000356
0.02232657, 0.03446728, -0.03909379
0.03106097, -0.04739755, -0.04031557
0.06296537, -0.04668844, 0.01333314
0.01430267, -0.01421072, -0.05670935
0.009076253, -0.01646563, -0.05717328
0.02448773, -0.04830388, -0.04153743
0.02188724, -0.04755063, -0.04317424
0.05117222, 0.05050541, -0.03656358
0.01919173, -0.01398276, -0.05564272
0.02802517, 0.04670084, -0.04781622
0.02913724, 0.05203327, -0.0489431
0.03483246, 0.0777084, -0.0375624
0.05538221, 0.05763638, -0.02714705
0.03115447, 0.06507907, -0.04367793
0.05739578, 0.0447333, -0.0289523
0.06172609, 0.04872834, -0.01681566
0.006418053, -0.03982041, -0.05909002
0.01276193, -0.04166635, -0.05578485
0.01734674, -0.04363044, -0.05161038
0.01261092, -0.01565603, -0.05537185
0.02308368, -0.04811488, -0.04239795
0.02076893, -0.04969483, -0.04578975
0.02135089, -0.04696025, -0.0433242
0.01135877, -0.01119504, -0.06543198
0.01433312, -0.04508913, -0.04950503
0.01003082, -0.04480146, -0.05234
0.004939824, -0.04467792, -0.054501
0.007282693, -0.06753275, -0.04850569
0.007150788, -0.0604858, -0.05462697
0.006638914, -0.05610755, -0.05556944
0.005808685, -0.05213863, -0.05427581
0.005169414, -0.04939388, -0.05326796
0.01509972, -0.04850116, -0.04839534
0.01615802, -0.04947753, -0.04925358
0.01777968, -0.0514663, -0.04991671
0.0190488, -0.05400756, -0.04879904
0.02428458, -0.03331375, -0.04925674
0.07083854, -0.009230983, 0.02316824
0.01795388, -0.04819265, -0.04550642
0.01920983, -0.04870624, -0.04596728
0.006908864, -0.01967168, -0.0578467
0.01669548, -0.01853124, -0.05110383
0.007934742, -0.01812837, -0.05764517
0.02418651, 0.005111885, -0.04414523
0.03334748, 0.000302403, -0.042294
0.02047756, -0.01064337, -0.05356935
0.05003074, 0.07309894, -0.02690694
0.04572834, 0.0634531, -0.035723
0.04152194, 0.05314332, -0.04299349
0.02185158, -0.0593202, -0.04447719
0.01505258, 0.05006406, -0.05209756
0.0166081, 0.06459538, -0.04821563
0.01887677, 0.07948689, -0.04368353
0.04288422, 0.02103775, -0.03449199
0.05601908, 0.01391635, -0.02552131
0.01784556, 0.02445724, -0.03767774
0.05095899, 0.03223094, -0.03120339
0.01391646, 0.01367987, -0.04837275
0.01539348, -0.007611677, -0.0649142
0.06249265, 0.009263112, -0.01893282
0.05160409, 0.008846135, -0.03129992
0.04385431, 0.006296139, -0.03701687
0.03268317, 0.007769423, -0.03986967
0.0245958, 0.0109159, -0.04112771
0.01843518, 0.01426116, -0.0426569
0.005775385, 0.0224462, -0.05443665
0.06094195, -0.005579963, -0.02113745
0.05575514, 0.03350901, -0.02830333
0.003134042, -0.01471961, -0.0714075
0.01755775, 0.002683864, -0.04900628
0.07250945, 0.02469027, 0.01905331
0.01365617, 0.01806785, -0.04352385
0.02064812, -0.01140919, -0.04727262
0.04803177, 0.02765228, -0.0294503
0.01595292, -0.00373985, -0.0624162
0.06830855, -0.02761489, 0.02006939
0.01803765, 0.02712376, -0.03611714
0.01111338, 0.000157573, -0.06836477
0.04746237, -0.06208776, -0.01869127
0.04783602, -0.07157999, -0.00822255
0.06820023, -0.007487315, 0.0008844733
0.05520367, -0.05234879, -0.01121506
0.06533109, 0.03747087, -0.007461876
0.02280444, -0.08546015, -0.03773835
0.00153394, -0.01653121, -0.06332114
0.02276942, -0.002575321, -0.04670557
0.06225191, 0.02293124, -0.01638219
0.03742323, 0.02428441, -0.03645638
0.03220849, 0.02385801, -0.03806502
0.02235456, -0.05104694, -0.04477751
0.05959581, -0.0197944, -0.01926309
0.01133226, -0.09643238, -0.03658965
0.03035396, -0.0872938, -0.0244787
0.03847203, -0.080882, -0.01741165
0.02723617, 0.02442752, -0.03827196
0.02252898, 0.02566855, -0.03745458
0.01947764, 0.02649011, -0.03626955
0.0601398, 0.03526934, -0.02206764
0.02353109, 0.03055104, -0.03830215
0.02884705, 0.03168233, -0.03925347
0.03395531, 0.03184017, -0.03898177
0.03917301, 0.03095706, -0.03744504
0.04250928, 0.02961416, -0.03540248
0.07054244, 0.04156043, 0.009447277
0.04106156, 0.02522845, -0.03446549
0.0193212, -0.02868273, -0.05233097
0.01442226, -0.01285453, -0.05885655
0.007631663, -0.02575308, -0.057879
0.03954348, -0.07160698, -0.02456543
0.03148112, -0.07872174, -0.030754
0.01196711, -0.08989726, -0.04376787
0.05568311, -0.06130641, 0.002784044
0.01976394, 0.02858996, -0.03711477
0.00986401, 0.01200598, -0.05670065
0.02159356, -0.09259263, -0.03182569
0.06589577, -0.02374957, -0.0002113283
0.01054306, -0.04890288, -0.05114642
0.0116646, -0.05083591, -0.05213401
0.01293897, -0.05385383, -0.05306736
0.01380883, -0.05785036, -0.05211869
0.0156205, -0.06385377, -0.04739541
0.01925458, -0.04636895, -0.04669595
0.02105057, -0.04584349, -0.04671749
0.02280805, -0.04476119, -0.04666781
0.02846343, -0.03977437, -0.04505211
0.05082074, -0.02303892, -0.03146657
0.009692576, 0.01860267, -0.05095637
0.01283789, 0.03141854, -0.04018557
0.01685344, 0.03042196, -0.03812569
0.01799264, -0.04552263, -0.04607329
0.05191579, -0.04098108, -0.02249941
0.007712148, 0.03122347, -0.04792333
0.01875737, -0.07033095, -0.0436641
0.005750038, 0.01543122, -0.060691
0.014119, 0.001672104, -0.05685443
0.009042893, -0.07443057, -0.04712304
0.03259179, -0.05704797, -0.03758216
0.02535971, -0.01716735, -0.04589373
0.02647034, -0.06471325, -0.04029235
0.0380255, -0.01639535, -0.04286137
0.0303348, -0.02431126, -0.04502282
0.04279554, -0.02802462, -0.03826907
0.01115595, -0.08233822, -0.04679233
0.01771895, -0.002344024, -0.05258402
0.03769424, -0.06283997, -0.03154922
0.02970041, -0.07092328, -0.03540745
0.03701045, -0.0477903, -0.03714556
0.05805144, -0.032212, -0.01707888
0.04439311, -0.04882369, -0.03067261
0.06219601, -0.03882127, -0.003117412
0.03459577, -0.03410204, -0.0424048
0.01361693, 0.00752082, -0.05259687
0.01338797, -0.01019232, -0.06646574
0.01708608, -0.01252788, -0.05961341
0.0110064, -0.005948369, -0.07069832
0.01788441, 0.03673337, -0.04189783
0.02777153, 0.03997999, -0.04264331
0.03624436, 0.04058191, -0.04215229
0.04333018, 0.03969131, -0.03977481
0.0484391, 0.03713422, -0.03604129
0.05179611, 0.02581072, -0.02701625
0.06943796, 0.008142794, -0.0001501143
0.04670873, 0.01589248, -0.03220102
0.04041095, 0.01390125, -0.03595886
0.03259934, 0.01420682, -0.03854558
0.02523147, 0.01611333, -0.03959635
0.01938879, 0.01858686, -0.03965929
0.01526516, 0.02095187, -0.04001707
0.07199401, 0.007965058, 0.02306771
0.01684151, -0.01467538, -0.05663392
0.009855606, 0.006194778, -0.06177402
0.009214208, -0.01032879, -0.07113856
0.005914494, -0.01368846, -0.06872258
0.009067766, -0.01138682, -0.06823176
0.01500337, -0.01702347, -0.05452266
0.004892368, -0.01426752, -0.07038963
0.003572199, -0.01605215, -0.06326592
0.01562066, 0.02665658, -0.03697425
0.01201388, 0.02472315, -0.0406349
0.01011423, 0.02333245, -0.0449211
0.04445662, 0.02867654, -0.03331044
0.0476957, 0.0313926, -0.03289536
