-0.0004933366 -0.03138006 -0.06075221
-0.0007772447 -0.0127476 -0.07502249
-0.0005599895 -0.01839499 -0.06035194
-0.005223515 0.007547246 -0.06569564
-0.0007743045 -0.006817903 -0.07670143
-0.0006866307 0.001228523 -0.0737913
-0.0004159483 0.02231739 -0.05633962
-0.04313346 0.02574582 -0.03253889
-0.0004192201 0.03710023 -0.05128992
-0.000469966 0.0452122 -0.0520336
-0.0005647029 0.07743494 -0.04362199
-0.0004702891 -0.0343296 -0.06007147
-0.0003945084 -0.03644379 -0.0582785
-0.0002866901 -0.03708972 -0.05571678
-0.0004315294 -0.03716595 -0.05590609
-0.0004785286 -0.03925045 -0.05712792
-0.0004649536 -0.04204729 -0.05883542
-0.000427805 -0.0455728 -0.05870056
-0.0002808498 -0.05369822 -0.05416927
-0.0007217155 -0.01575844 -0.0721691
-0.005806875 -0.01489007 -0.06402791
-0.06828772 0.05615654 -0.002570033
-0.0253048 0.01965484 -0.0389325
-0.03126869 0.01920123 -0.03854981
-0.0370551 0.01976413 -0.03688911
-0.04528493 0.023344 -0.03169507
-0.02036442 0.02144145 -0.03817078
-0.03315504 0.0330797 -0.04050717
-0.02710979 0.03305244 -0.04039255
-0.03894207 0.03255969 -0.03856242
-0.04299869 0.03109189 -0.03618634
-0.05025504 0.0199129 -0.0289315
-0.02217584 -0.06714245 -0.04727152
-0.04542471 0.02720824 -0.03048491
-0.07148258 0.0257332 -0.002141386
-0.05776177 0.02488531 -0.022618
-0.02987695 -0.005796369 -0.04663485
-0.007962113 -0.03030473 -0.05998197
-0.007046585 -0.03618163 -0.05734327
-0.01573314 -0.03169752 -0.056503
-0.02090699 -0.03367198 -0.05199364
-0.01277454 -0.03616489 -0.0548414
-0.01741469 -0.03642853 -0.05064806
-0.02794267 -0.04314894 -0.04385987
-0.005260518 -0.01256584 -0.07453269
-0.005855069 -0.006807061 -0.07603863
-0.0528385 0.03924785 -0.03377473
-0.01775825 0.009402992 -0.04620606
-0.01884588 -0.009780137 -0.05973315
-0.01918079 -0.006451638 -0.0576852
-0.04821054 -0.004584657 -0.03862822
-0.005565609 0.0007469989 -0.07193995
-0.03822561 0.04384695 -0.04393327
-0.0466693 0.0426607 -0.03928399
-0.06096196 0.06618268 -0.01372182
-0.01264981 0.03840882 -0.04942951
-0.02172003 0.03197867 -0.03863403
-0.03307708 -0.03718285 -0.04192349
-0.06702555 -0.04278916 0.009250909
-0.01485951 -0.01304956 -0.05767798
-0.009905838 -0.01515327 -0.05843768
-0.02719766 -0.03660306 -0.04212934
-0.02432141 -0.03632434 -0.04371452
-0.05040118 0.04786808 -0.03602657
-0.01927459 -0.01211267 -0.05662188
-0.02713307 0.04289579 -0.0474447
-0.02820114 0.04817273 -0.04841194
-0.03458605 0.07609171 -0.03612313
-0.05522475 0.05687995 -0.0263629
-0.03075069 0.06252199 -0.04254863
-0.05711203 0.04334045 -0.02839267
-0.06239348 0.04918586 -0.01630464
-0.007620295 -0.03382513 -0.05932736
-0.01405618 -0.03445899 -0.05592787
-0.01909022 -0.03514702 -0.05180737
-0.01344427 -0.01405495 -0.05652657
-0.02574163 -0.03645357 -0.04297343
-0.02252913 -0.03750999 -0.04702964
-0.02354928 -0.03627096 -0.04392156
-0.01137691 -0.01174462 -0.06578684
-0.01630404 -0.03599104 -0.04967687
-0.0116798 -0.03632874 -0.05254081
-0.006309357 -0.03678948 -0.05487883
-0.008019482 -0.05347325 -0.05373201
-0.007504937 -0.04516571 -0.05805764
-0.007267118 -0.04146027 -0.0581148
-0.006991958 -0.0387238 -0.05623946
-0.00654557 -0.03699429 -0.05501956
-0.01686762 -0.03663432 -0.04979253
-0.01759611 -0.0371936 -0.05095398
-0.01865005 -0.03868871 -0.05209196
-0.0196704 -0.04094624 -0.05119318
-0.02580199 -0.02730021 -0.04991409
-0.07540169 -0.005805923 0.02032682
-0.0006428455 -0.01669255 -0.06438848
-0.02001212 -0.03673084 -0.0463258
-0.02116663 -0.03674085 -0.04702249
-0.007899963 -0.01801966 -0.05883271
-0.01753339 -0.01555936 -0.05257034
-0.008829343 -0.01666552 -0.0587773
-0.02412519 0.006013269 -0.04436669
-0.03381861 0.002251361 -0.04289728
-0.02035868 -0.008846417 -0.05447191
-0.05006742 0.07273977 -0.02566624
-0.04519257 0.06151694 -0.03491458
-0.04054805 0.0497088 -0.04249623
-0.02248602 -0.04730212 -0.0475741
-0.01454377 0.04642045 -0.05136198
-0.01643701 0.06192185 -0.04699004
-0.01874055 0.07714223 -0.04229495
-0.04221042 0.02104297 -0.03422526
-0.0570022 0.01580475 -0.02584583
-0.0172892 0.02327623 -0.03722733
-0.05026664 0.03097975 -0.03088003
-0.01347984 0.01331292 -0.04811314
-0.01494557 -0.008113243 -0.06547603
-0.06428109 0.01166345 -0.01949766
-0.05225824 0.0110979 -0.031501
-0.04408569 0.008523243 -0.03716367
-0.03272765 0.009060653 -0.03984797
-0.02432049 0.01134421 -0.04102096
-0.01796398 0.01417241 -0.04246894
-0.005838516 0.0209331 -0.05406582
-0.06357533 -0.002254833 -0.02200654
-0.05559339 0.03282131 -0.0279305
-0.003429404 -0.01543344 -0.07180667
-0.0174058 0.003253462 -0.0492301
-0.07620219 0.02813977 0.017887
-0.01337837 0.01762774 -0.04314134
-0.02119619 -0.008867566 -0.04846793
-0.04738092 0.02681996 -0.02930203
-0.01520536 -0.004092192 -0.06294894
-0.07265081 -0.02430576 0.01638392
-0.01746815 0.02585137 -0.03554741
-0.01031186 -0.001120931 -0.06852332
-0.05008267 -0.0551134 -0.02334598
-0.05005028 -0.06524432 -0.01328593
-0.0721873 -0.004257048 -0.0009060502
-0.05887435 -0.04700307 -0.01525658
-0.06721166 0.03912454 -0.007415622
-0.02339889 -0.07511678 -0.04430413
-0.002868053 -0.01641686 -0.06398803
-0.02280762 -0.001068288 -0.04739401
-0.0636595 0.02432555 -0.01669586
-0.03685626 0.02366565 -0.03619549
-0.03154062 0.02292724 -0.03767523
-0.02394524 -0.03884624 -0.04607594
-0.063185 -0.01600902 -0.02106273
-0.01236826 -0.08471669 -0.0435496
-0.03098064 -0.07824589 -0.03053486
-0.03958424 -0.07309344 -0.02293938
-0.0005457524 0.06140285 -0.04831937
-2.957066E-06 -0.08547344 -0.04540157
-0.02647536 0.02327287 -0.03787503
-0.02182822 0.02439806 -0.03695199
-0.018931 0.02522828 -0.03566897
-0.06058685 0.0352732 -0.02178687
-0.02255704 0.02909658 -0.03767386
-0.0276046 0.0299848 -0.03876758
-0.0326394 0.03018534 -0.03851199
-0.03788281 0.02947188 -0.03707621
-0.04135191 0.02837131 -0.03520197
-0.0734089 0.04467548 0.009194702
-0.04057334 0.02473126 -0.03423923
-0.000496328 -0.02249916 -0.05913112
-0.02019124 -0.02402 -0.05317718
-0.01486028 -0.01230267 -0.05986482
-0.00854056 -0.02266444 -0.05868548
-0.0003682898 0.03006747 -0.05151969
-0.04083757 -0.0634022 -0.02996612
-0.03222236 -0.06953689 -0.03684047
-0.01268817 -0.07831129 -0.05064753
-0.05898954 -0.05629881 -0.001556993
-0.01902236 0.02735169 -0.03639111
-0.009571426 0.01101808 -0.05654937
-0.0001677583 -0.0790434 -0.05218351
-0.02222144 -0.08218142 -0.0383181
-0.07000971 -0.02034274 -0.002913564
-0.01211002 -0.0367096 -0.0526717
-0.01287352 -0.03797489 -0.05396873
-0.01348784 -0.04016964 -0.05534163
-0.01405769 -0.04355149 -0.05492154
-0.0159617 -0.05093664 -0.0513446
-0.02162754 -0.03639963 -0.04693356
-0.02338923 -0.03593781 -0.04688421
-0.02504642 -0.03506831 -0.04691756
-0.0307379 -0.03163758 -0.04578492
-0.05396657 -0.01886656 -0.03343844
-0.009492489 0.01762935 -0.05062345
-0.01274296 0.02990584 -0.0396392
-0.01639886 0.02871141 -0.03739169
-0.02026177 -0.03573929 -0.04632223
-0.05569518 -0.03549554 -0.02571574
-0.007712758 0.0294271 -0.04746583
-0.01918191 -0.05895775 -0.04910451
-0.0005748171 0.008268172 -0.06772512
-0.005585447 0.01379959 -0.06050593
-0.000497386 0.01502051 -0.06183234
-0.01364847 0.001452429 -0.05717614
-0.0002731095 -0.07116937 -0.05506533
-0.000287206 -0.06200376 -0.05459404
-0.009927292 -0.06180048 -0.05333033
-0.03336807 -0.04725803 -0.04095307
-0.02597488 -0.01375681 -0.04732639
-0.0266854 -0.05420263 -0.04485276
-0.03968354 -0.01285798 -0.04479906
-0.03167304 -0.01977434 -0.04648542
-0.04545224 -0.0230569 -0.04061881
-0.0119068 -0.07067078 -0.05337906
-0.01735586 -0.001652949 -0.05315882
-0.0387102 -0.05396228 -0.03598562
-0.03028171 -0.06123735 -0.04097608
-0.03878205 -0.03913992 -0.03957847
-0.06196056 -0.02790969 -0.01985317
-0.04672407 -0.04154746 -0.03400686
-0.06629784 -0.03483346 -0.006448239
-0.03683072 -0.02748005 -0.04401085
-0.01332008 0.007282713 -0.05254197
-0.01311686 -0.01084224 -0.0669333
-0.0171533 -0.01184802 -0.06059736
-0.01056241 -0.007216543 -0.07096896
-0.0175588 0.03423988 -0.04123569
-0.02700831 0.03669497 -0.04222342
-0.03504821 0.03714662 -0.04180706
-0.04200221 0.0367491 -0.03934279
-0.04721768 0.03485035 -0.03565457
-0.05171173 0.02581893 -0.026939
-0.07275294 0.01092281 -0.001168072
-0.04664461 0.01696615 -0.03214255
-0.04014713 0.01496639 -0.03586522
-0.03217433 0.01460947 -0.03834653
-0.02463942 0.01584736 -0.03937411
-0.01878779 0.01801763 -0.03946871
-0.01481968 0.02026259 -0.03971419
-0.076193 0.01145707 0.02118134
-0.01715361 -0.01313512 -0.05772313
-0.009555078 0.005141372 -0.06165552
-0.009085603 -0.01145007 -0.07161975
-0.006024434 -0.01426386 -0.06938097
-0.009100392 -0.01223514 -0.06876716
-0.01563296 -0.0148265 -0.05582073
-0.005077466 -0.01494297 -0.07099876
-0.004607961 -0.0158927 -0.06402397
-0.01529477 0.02534105 -0.03652942
-0.0117581 0.02369967 -0.04028118
-0.009948415 0.02235571 -0.04460642
-0.04354724 0.02762061 -0.03316343
-0.04650925 0.02963632 -0.03276077
0.004152814 0.007557997 -0.0657261
0.04349513 0.02584081 -0.03199223
0.004638014 -0.01490458 -0.06393981
0.07017025 0.05645324 -0.001500219
0.02558896 0.01962536 -0.03882745
0.03154108 0.01914314 -0.03835535
0.03739761 0.01973689 -0.03654546
0.04581594 0.02337416 -0.03116339
0.0206534 0.02144618 -0.03802812
0.03318671 0.03334686 -0.04025048
0.027178 0.03326502 -0.04012582
0.03904346 0.03286146 -0.03818366
0.0432469 0.03137536 -0.03568336
0.05093367 0.01994298 -0.02819657
0.02227402 -0.06726983 -0.04693434
0.0458817 0.02737478 -0.02986023
0.07374201 0.02587976 -0.0009396672
0.05873632 0.02500727 -0.02173206
0.02980369 -0.005911205 -0.04614142
0.007179121 -0.03035083 -0.05993545
0.006509583 -0.03624879 -0.0573158
0.01529005 -0.03188705 -0.05637506
0.02076579 -0.03389662 -0.05183646
0.01247835 -0.03631518 -0.05480266
0.01738276 -0.0366038 -0.0505504
0.02822566 -0.04332747 -0.04352558
0.003785137 -0.0125284 -0.07444045
0.004418685 -0.006800296 -0.07591778
0.05317732 0.03971473 -0.03297675
0.0176063 0.009364353 -0.0460546
0.01809043 -0.009888183 -0.05946338
0.01856784 -0.006580994 -0.05741826
0.04854731 -0.004655769 -0.0379006
0.004281645 0.0007607695 -0.07192907
0.03787645 0.04450534 -0.04322758
0.0466274 0.04325617 -0.03844675
0.06197529 0.06649194 -0.0128355
0.01195584 0.03874708 -0.04917076
0.02184128 0.03214399 -0.03845632
0.03346693 -0.03737955 -0.04151466
0.07090995 -0.0428105 0.01042596
0.01408101 -0.0131334 -0.05742329
0.009030545 -0.01520037 -0.05815014
0.0274344 -0.03677771 -0.04191124
0.02470292 -0.03646324 -0.04350084
0.05050231 0.04847114 -0.03513825
0.01869819 -0.01223981 -0.05629349
0.02654766 0.0434588 -0.04690215
0.02751362 0.04876544 -0.04784399
0.03402255 0.07636284 -0.03568968
0.05572322 0.05731369 -0.02548915
0.03005935 0.06292392 -0.04209837
0.05765788 0.04383922 -0.02753088
0.06354225 0.04957931 -0.01529571
0.006947439 -0.03388983 -0.05929086
0.01368252 -0.0346552 -0.05587792
0.01895676 -0.03537273 -0.05169094
0.01267939 -0.01415055 -0.05622524
0.02602761 -0.03659257 -0.04273179
0.0225656 -0.03762463 -0.04680949
0.02403763 -0.03638973 -0.04370946
0.0102861 -0.01179013 -0.06572351
0.01643832 -0.0361364 -0.04957676
0.01152096 -0.0364496 -0.05251548
0.0059491 -0.03682823 -0.05488583
0.007608928 -0.05351115 -0.0536266
0.006813992 -0.04521301 -0.05805928
0.006498266 -0.04150518 -0.05815202
0.006203935 -0.03877492 -0.05629486
0.005833014 -0.03702935 -0.05507758
0.0167209 -0.03673914 -0.04968333
0.01742957 -0.03726997 -0.05079585
0.0184418 -0.03875339 -0.05186814
0.01948764 -0.04102346 -0.05098894
0.02570658 -0.02749778 -0.04956418
0.0794348 -0.005712211 0.02173853
0.02014849 -0.03684167 -0.04622465
0.02124014 -0.03685295 -0.04686096
0.00696762 -0.01807481 -0.0587047
0.01704548 -0.01566297 -0.05215269
0.007941831 -0.01670714 -0.05855894
0.02408366 0.005925512 -0.04410633
0.03387421 0.002164941 -0.04240143
0.01988144 -0.008989913 -0.05415446
0.0502369 0.07306568 -0.02496552
0.04508492 0.06199656 -0.03417373
0.04018148 0.05037498 -0.04176605
0.02258421 -0.04747238 -0.04734284
0.01364905 0.04680423 -0.05102572
0.01547092 0.0621401 -0.04671782
0.01776539 0.07731464 -0.04197288
0.04263887 0.02105862 -0.03376141
0.05789161 0.01579701 -0.02498901
0.01755238 0.02329225 -0.03718144
0.05075079 0.03124936 -0.03019235
0.01324336 0.0133214 -0.04805425
0.01395325 -0.008159803 -0.06528047
0.06551375 0.01167561 -0.01853055
0.05286527 0.01104124 -0.03079161
0.04441174 0.00844712 -0.03659481
0.03290343 0.008990852 -0.03947067
0.02443602 0.01126547 -0.04081237
0.01800018 0.01414428 -0.04234046
0.005128466 0.02097947 -0.05403048
0.06476323 -0.002320409 -0.02108753
0.0562559 0.03311984 -0.0271745
0.002031775 -0.01543566 -0.07179734
0.01709513 0.003163235 -0.04908851
0.07968563 0.02841471 0.01920015
0.01330341 0.01767385 -0.04308647
0.02091116 -0.009045726 -0.04806417
0.04790711 0.02698937 -0.02868021
0.01435677 -0.004158661 -0.06273159
0.07671389 -0.02426745 0.01773793
0.01778478 0.02588225 -0.0355469
0.009233358 -0.001103943 -0.06843215
0.05190577 -0.05535177 -0.02247652
0.05267487 -0.06541468 -0.01247013
0.07461017 -0.004237866 0.0002824962
0.06121591 -0.04712694 -0.01424158
0.06891424 0.03941245 -0.006359935
0.02369369 -0.07521217 -0.04398686
0.001570766 -0.01639884 -0.06394196
0.02264955 -0.00119484 -0.04708335
0.06499054 0.02442426 -0.01570445
0.03707521 0.02367308 -0.0358521
0.03177195 0.02291297 -0.03744477
0.02400894 -0.03897808 -0.04584548
0.06459436 -0.0160774 -0.02006674
0.01254808 -0.08477544 -0.04341036
0.03222323 -0.07832368 -0.03017896
0.04148168 -0.07321419 -0.02237526
0.02674424 0.02324765 -0.03774372
0.02209876 0.02439974 -0.03687933
0.01923207 0.02524081 -0.03563645
0.06161133 0.0355798 -0.02089816
0.02283519 0.02923672 -0.03758726
0.02784543 0.03019048 -0.03855491
0.03284889 0.03042607 -0.03822494
0.03811811 0.02973628 -0.03668454
0.04164384 0.02859653 -0.03470513
0.07607586 0.04495997 0.01039723
0.04083757 0.0248025 -0.03379944
0.01983852 -0.02417523 -0.05291015
0.01399378 -0.012393 -0.05957013
0.007774024 -0.02273881 -0.058608
0.04217484 -0.06361337 -0.02927566
0.03311662 -0.06969722 -0.03630739
0.01256614 -0.07832703 -0.05048543
0.06231497 -0.05636571 -0.000616461
0.01930372 0.02739115 -0.03640971
0.008913955 0.01104252 -0.05648127
0.0228105 -0.08222051 -0.03809771
0.07262202 -0.02031774 -0.001708716
0.01162791 -0.03675182 -0.05266005
0.01235271 -0.0380169 -0.05393824
0.01296606 -0.0402144 -0.05530435
0.01358996 -0.04360095 -0.05488288
0.01577571 -0.05102433 -0.05123982
0.0218568 -0.03655976 -0.04676661
0.02350982 -0.0361041 -0.04672855
0.02515658 -0.03526762 -0.04671332
0.030905 -0.03183926 -0.04541779
0.05475374 -0.01901237 -0.03251234
0.00904128 0.01767526 -0.05056512
0.01267267 0.03005786 -0.03955087
0.01656256 0.02881865 -0.03737214
0.02066227 -0.0358821 -0.04618913
0.05712974 -0.03565956 -0.02471906
0.007221653 0.02955468 -0.04739511
0.0192053 -0.05914249 -0.04883131
0.004712214 0.01381624 -0.06045645
0.01303891 0.001428152 -0.0570291
0.009558244 -0.06189062 -0.05317932
0.03395054 -0.04749315 -0.04046786
0.0258487 -0.01389439 -0.04687169
0.02704963 -0.054431 -0.04444802
0.03980743 -0.01299205 -0.04406431
0.03172679 -0.0199279 -0.04595348
0.04591102 -0.02322532 -0.03978091
0.01158359 -0.07071067 -0.05320975
0.01692966 -0.001774158 -0.05294201
0.03960668 -0.05422038 -0.03534499
0.03088045 -0.0614591 -0.0404664
0.039371 -0.0393532 -0.0390583
0.06365316 -0.02800151 -0.01876658
0.04775883 -0.0417908 -0.03320381
0.06897828 -0.03487577 -0.005328566
0.03715924 -0.02765953 -0.04343191
0.01284267 0.007267209 -0.0524736
0.01204863 -0.01089266 -0.06678492
0.01633664 -0.01195052 -0.06028107
0.009294076 -0.007209895 -0.07083547
0.01738812 0.03443038 -0.04108453
0.02682904 0.03700223 -0.04182664
0.03488982 0.03756211 -0.04129928
0.04197067 0.03715561 -0.03874314
0.04742207 0.03526016 -0.03497499
0.05244781 0.02592767 -0.02618429
0.07510062 0.01103375 -2.688169E-05
0.04717445 0.01696357 -0.03151548
0.04054018 0.01492641 -0.03537241
0.03245819 0.01454421 -0.03799805
0.02487104 0.01580217 -0.03921047
0.01898064 0.01802197 -0.03931162
0.01495939 0.02029484 -0.03963673
0.08010824 0.01165371 0.02251703
0.01645609 -0.01324101 -0.05738387
0.008668576 0.005157759 -0.06162274
0.007741454 -0.01144843 -0.07147777
0.004776837 -0.01425282 -0.06926501
0.007883237 -0.01223591 -0.06865105
0.01500773 -0.01491594 -0.05545473
0.003749203 -0.01491789 -0.07089844
0.003368752 -0.01591528 -0.06393051
0.01553169 0.02540526 -0.03648296
0.01179099 0.02378987 -0.04021892
0.009747896 0.02243523 -0.04450446
0.04390775 0.02784159 -0.03260812
0.04693015 0.02989718 -0.03212157
