0.0001811832 -0.03250403 -0.05782735
0.0002528392 -0.009292692 -0.07349038
-0.0001733527 -0.01806839 -0.05758741
-0.00442805 0.0112714 -0.06564829
0.0003920645 -0.002495827 -0.07594791
0.0003394801 0.006108221 -0.07377052
-8.084252E-05 0.02613286 -0.05746904
-0.04305932 0.02413937 -0.03290609
0.0001589973 0.04169393 -0.05376643
0.0003198199 0.05080313 -0.05544257
0.0005051903 0.08347387 -0.04979631
0.0001939908 -0.03583534 -0.05697453
0.0001990646 -0.03872982 -0.0548293
0.0001886133 -0.04031245 -0.05204439
0.0003324766 -0.04005229 -0.0522548
0.0003177244 -0.04236525 -0.05320665
0.0003948361 -0.04539278 -0.05443144
0.0003617201 -0.04928911 -0.05354154
5.52088E-05 -0.05804746 -0.04715213
0.0002157129 -0.01304418 -0.07014513
-0.004781146 -0.01373894 -0.06154487
-0.06829011 0.05313882 -0.004065067
-0.02533411 0.01824858 -0.03907636
-0.03122056 0.01753704 -0.03855628
-0.03690256 0.01793628 -0.03681406
-0.0449778 0.02138009 -0.03171885
-0.02052287 0.02039941 -0.03835961
-0.03263221 0.03525564 -0.04200375
-0.02663774 0.03510514 -0.04186404
-0.03851353 0.03427846 -0.03992277
-0.04266329 0.03197429 -0.03729787
-0.04984783 0.01698761 -0.02841932
-0.02101431 -0.07233886 -0.03887948
-0.04528935 0.02573454 -0.03085995
-0.07125956 0.01963204 -0.0006934404
-0.05734206 0.02207788 -0.02225074
-0.0283822 -0.008391902 -0.04441836
-0.006316144 -0.03183694 -0.05694625
-0.005335119 -0.0389577 -0.05376005
-0.01309074 -0.03470507 -0.0532043
-0.01754976 -0.03827694 -0.04865175
-0.01017555 -0.03990715 -0.05123359
-0.01418754 -0.04139492 -0.0471279
-0.02481151 -0.04989311 -0.03939271
-0.003995838 -0.009305378 -0.07292083
-0.004506964 -0.002881821 -0.07510373
-0.05245844 0.04143336 -0.03525731
-0.01720254 0.008688575 -0.04540327
-0.01701563 -0.009925473 -0.05733246
-0.0174823 -0.006794153 -0.05559567
-0.04640831 -0.009147782 -0.03601864
-0.004416583 0.004713081 -0.07148749
-0.03802636 0.04902131 -0.04605624
-0.04636919 0.04660719 -0.0411824
-0.06082242 0.06633986 -0.01690599
-0.01269311 0.04456754 -0.05176747
-0.02147755 0.03339386 -0.03996941
-0.0294954 -0.04441996 -0.03774592
-0.06595775 -0.0553982 0.01881921
-0.01321571 -0.01361622 -0.05505884
-0.008580374 -0.01553416 -0.05572993
-0.02299835 -0.04394622 -0.03849196
-0.02009988 -0.04305518 -0.04042223
-0.05013088 0.05184714 -0.03841996
-0.01728028 -0.01327016 -0.05402023
-0.02712406 0.04908486 -0.04966187
-0.0282256 0.05579925 -0.05129805
-0.03416526 0.08193874 -0.0406656
-0.05502907 0.05903155 -0.02936697
-0.03072657 0.06970713 -0.04650304
-0.05681709 0.04498353 -0.03002802
-0.06223163 0.048546 -0.01800692
-0.005897421 -0.03577892 -0.0560616
-0.01144644 -0.03777351 -0.05252638
-0.01580436 -0.03983547 -0.04846787
-0.01186072 -0.01493135 -0.05370772
-0.02149553 -0.04354621 -0.03953776
-0.01872186 -0.04323538 -0.04382595
-0.01942061 -0.04269242 -0.04065675
-0.00995126 -0.01026821 -0.06349161
-0.01305791 -0.04121739 -0.04616433
-0.009158377 -0.04071774 -0.04880875
-0.004673302 -0.04038358 -0.05106074
-0.006883016 -0.05801574 -0.04676789
-0.005969528 -0.04911809 -0.05283856
-0.005638245 -0.04504325 -0.05358496
-0.005366897 -0.04211013 -0.05216283
-0.004934862 -0.04021291 -0.05113986
-0.01373696 -0.04122344 -0.04628536
-0.01440988 -0.0417603 -0.04746389
-0.01544459 -0.04330032 -0.04853785
-0.01660996 -0.04588765 -0.04734778
-0.02284686 -0.0314033 -0.04695365
-0.07514717 -0.01783402 0.02670035
-0.0001339093 -0.01534378 -0.06193736
-0.01643511 -0.04217082 -0.04302374
-0.01741298 -0.04230859 -0.04383308
-0.006772518 -0.01841929 -0.05595845
-0.01565208 -0.01775164 -0.04968831
-0.007612146 -0.01702864 -0.05592823
-0.02337457 0.004234413 -0.04323134
-0.03277006 -0.0005720649 -0.0411399
-0.01853402 -0.01013505 -0.05219075
-0.04979018 0.07605192 -0.03006652
-0.04501899 0.06598964 -0.03865856
-0.04034949 0.05524168 -0.04521
-0.01992061 -0.05303854 -0.04253912
-0.01409109 0.05286851 -0.05466369
-0.01564306 0.06758686 -0.05165437
-0.01771409 0.08314443 -0.04810926
-0.04198979 0.01902811 -0.034127
-0.05641522 0.01180892 -0.0247696
-0.01751926 0.02259117 -0.03751227
-0.04992168 0.03081948 -0.03160721
-0.01308182 0.01363679 -0.04755118
-0.01339915 -0.006657997 -0.06357613
-0.06353481 0.006364478 -0.01758814
-0.05160755 0.007138688 -0.03026703
-0.04336661 0.005056467 -0.03604716
-0.03221534 0.006431311 -0.03883877
-0.02401608 0.009516727 -0.04037279
-0.01774764 0.01323062 -0.04205683
-0.005544523 0.02418049 -0.0547376
-0.06217301 -0.008848915 -0.01873437
-0.05514771 0.03251605 -0.02863842
-0.002332078 -0.01284112 -0.06973651
-0.01645732 0.002487328 -0.04799339
-0.07640354 0.01899249 0.0205234
-0.01331055 0.01754967 -0.04288039
-0.01951152 -0.01133176 -0.04614756
-0.04723548 0.02530457 -0.02953267
-0.01374589 -0.002850197 -0.06134662
-0.07201463 -0.03689262 0.0244872
-0.01764159 0.02533196 -0.03601807
-0.009060029 0.001734562 -0.0674499
-0.04810813 -0.06397597 -0.01512653
-0.04890427 -0.07543729 -0.002982825
-0.07140376 -0.01334765 0.003793001
-0.05673436 -0.05664699 -0.007117659
-0.06712018 0.03545247 -0.007618159
-0.02269552 -0.08064653 -0.03469363
-0.002200183 -0.01518047 -0.06150663
-0.02155659 -0.002943987 -0.04573324
-0.06324115 0.02051523 -0.01591679
-0.03691694 0.02206534 -0.03658205
-0.03164613 0.02141473 -0.03803346
-0.02021902 -0.04491542 -0.04263619
-0.06105885 -0.02362846 -0.0163995
-0.01293461 -0.09065133 -0.0326249
-0.03064651 -0.08584663 -0.0197756
-0.03883474 -0.08189467 -0.01242122
0.0004209392 0.06683412 -0.05324927
-0.000912182 -0.09106618 -0.03469875
-0.0266091 0.02197913 -0.03825805
-0.02205683 0.02334953 -0.03738058
-0.01919788 0.02438287 -0.03605241
-0.06021482 0.03415926 -0.02238449
-0.02234245 0.02929233 -0.03865162
-0.02717657 0.03047329 -0.03980374
-0.03219583 0.03069998 -0.03958577
-0.03747865 0.02963712 -0.03803128
-0.04101764 0.02801557 -0.03598148
-0.0736112 0.03841147 0.009581834
-0.04058466 0.02309816 -0.03461856
-8.646399E-05 -0.02286149 -0.05618098
-0.01785145 -0.02697821 -0.05013341
-0.01324184 -0.01228677 -0.05730811
-0.007278983 -0.02366987 -0.05566874
5.893782E-05 0.03352011 -0.05323166
-0.03934807 -0.07125364 -0.02138099
-0.03110499 -0.07617925 -0.02775145
-0.0130176 -0.08322297 -0.04095349
-0.05779834 -0.06801592 0.008746773
-0.01905463 0.02715806 -0.03704911
-0.008950911 0.01301286 -0.05620277
-0.0007711705 -0.08359757 -0.04269484
-0.02255128 -0.08879307 -0.02741846
-0.06866485 -0.0301861 0.003381342
-0.009727165 -0.04051417 -0.04891288
-0.01042929 -0.04182412 -0.05011979
-0.01106987 -0.04414518 -0.05132365
-0.01177577 -0.04788646 -0.05042562
-0.0139906 -0.0558607 -0.04542196
-0.01767949 -0.04246697 -0.04351828
-0.01944704 -0.04204185 -0.04352477
-0.02109479 -0.04119397 -0.04355878
-0.02718312 -0.03743299 -0.04240522
-0.05133053 -0.02505638 -0.02917919
-0.009238217 0.01949169 -0.05061769
-0.01300693 0.03172681 -0.04070693
-0.01652811 0.02937398 -0.03811997
-0.01642647 -0.04179832 -0.04296955
-0.05289448 -0.04358874 -0.01950464
-0.007827826 0.03368383 -0.04893729
-0.01769544 -0.06413279 -0.04185
0.0002090391 0.01275346 -0.06811944
-0.005022075 0.01736872 -0.0608547
-5.679019E-05 0.01952009 -0.06260815
-0.01265342 0.002256669 -0.05591503
-0.0008308925 -0.07538528 -0.04653883
-0.0001883376 -0.06629978 -0.04681033
-0.009091906 -0.06633715 -0.04547039
-0.030968 -0.05418383 -0.03548408
-0.02412761 -0.0169554 -0.04455435
-0.024753 -0.06021661 -0.03851512
-0.03745117 -0.01665006 -0.04177037
-0.02934044 -0.02375044 -0.0434567
-0.04259907 -0.02847984 -0.03663811
-0.01135651 -0.07509217 -0.04460284
-0.01609979 -0.002232285 -0.05147517
-0.03675576 -0.06124103 -0.02912247
-0.02878463 -0.06751913 -0.03329593
-0.03595283 -0.04630799 -0.03460759
-0.05945138 -0.03626562 -0.01399186
-0.04398679 -0.04900662 -0.02812567
-0.06455302 -0.04498007 0.001085609
-0.03377079 -0.03315275 -0.04022527
-0.0126022 0.007837951 -0.05166176
-0.01155077 -0.009192694 -0.0647698
-0.01534725 -0.01185283 -0.05810261
-0.009182576 -0.004352732 -0.0693467
-0.0177596 0.03765059 -0.04280809
-0.02683722 0.04018739 -0.04385471
-0.03474794 0.04046844 -0.04357913
-0.04164388 0.03942086 -0.0410237
-0.04685983 0.03639176 -0.03697562
-0.05143704 0.02383268 -0.02690908
-0.0723213 0.003218902 0.001899779
-0.04629089 0.01405775 -0.03156367
-0.03984891 0.01232732 -0.03528315
-0.03197611 0.01241353 -0.03786767
-0.0245511 0.01420083 -0.03921077
-0.01883557 0.01693898 -0.03935716
-0.01492693 0.01977519 -0.03981084
-0.07625408 0.0005305447 0.02577466
-0.01530032 -0.0139568 -0.0549973
-0.008715995 0.007440574 -0.06093341
-0.007694375 -0.008731913 -0.06970823
-0.004798077 -0.01207983 -0.06724098
-0.007736195 -0.01010363 -0.06662422
-0.01380911 -0.01616556 -0.05298147
-0.003892686 -0.01248411 -0.0689328
-0.003745053 -0.01472683 -0.0615176
-0.01553411 0.02516902 -0.03695157
-0.01195417 0.02431619 -0.04054847
-0.01003321 0.02398774 -0.04486063
-0.04327472 0.02678432 -0.03372845
-0.04621932 0.02948816 -0.03355345
0.004644135 0.01208271 -0.06616211
0.04275436 0.02402477 -0.03302446
0.004743043 -0.01345641 -0.06179553
0.06830466 0.05302816 -0.003524601
0.02563255 0.01837998 -0.03964794
0.03148804 0.01766058 -0.03906029
0.03707407 0.01807128 -0.03717712
0.04488083 0.0213336 -0.03191668
0.02063926 0.02046381 -0.03884676
0.0330821 0.0347808 -0.042687
0.02713284 0.03462288 -0.04248786
0.03874784 0.03382875 -0.04038325
0.04274273 0.03160253 -0.03756961
0.0496305 0.01716619 -0.028404
0.02016298 -0.07178861 -0.04020688
0.04490351 0.02556995 -0.03090915
0.07072131 0.01988488 -8.809566E-05
0.05699547 0.02213598 -0.02199772
0.02842288 -0.007303396 -0.04465669
0.006843273 -0.03147214 -0.05713761
0.005977198 -0.03869336 -0.05401498
0.01374373 -0.0340693 -0.05371201
0.01827965 -0.03738858 -0.04953223
0.01099166 -0.03936662 -0.05196899
0.01500052 -0.04059646 -0.04817563
0.02514223 -0.04879034 -0.04070595
0.004574988 -0.00899555 -0.07302943
0.005299587 -0.002266055 -0.07525644
0.05255883 0.04069867 -0.03524226
0.01729908 0.009305224 -0.04597074
0.01700198 -0.008314632 -0.05793706
0.01740592 -0.004721995 -0.05623865
0.04632426 -0.008309457 -0.03627679
0.005068162 0.00538891 -0.0719254
0.0382397 0.0480709 -0.04649881
0.04649333 0.0457138 -0.04129615
0.06098116 0.06595308 -0.01657838
0.01280101 0.04290456 -0.05196485
0.02172733 0.032907 -0.04061365
0.02965426 -0.04288719 -0.03903174
0.06480077 -0.05424485 0.01869088
0.01296657 -0.01233173 -0.05540222
0.008382047 -0.01498087 -0.05565098
0.02335116 -0.04267079 -0.04020694
0.02092341 -0.04189038 -0.04205632
0.05023621 0.05084082 -0.03834912
0.01724523 -0.01181577 -0.05435798
0.02732677 0.04768419 -0.05021983
0.02838267 0.05356348 -0.05171633
0.03468107 0.08071166 -0.04179201
0.05523617 0.05838776 -0.02911866
0.03082513 0.06734282 -0.04721421
0.05680065 0.04429658 -0.02985427
0.06222894 0.04817753 -0.01758385
0.006540675 -0.03549842 -0.05627671
0.01218313 -0.03719647 -0.05317509
0.01657875 -0.03901704 -0.04940283
0.01155826 -0.01404595 -0.05386463
0.02205549 -0.04232717 -0.04116288
0.01963591 -0.04224226 -0.04511294
0.02045819 -0.04156248 -0.04224038
0.01015527 -0.009302545 -0.06417066
0.01404774 -0.04044957 -0.04730579
0.009947961 -0.040165 -0.04969907
0.005324965 -0.0401009 -0.05153725
0.007135017 -0.05775038 -0.04714009
0.006830622 -0.04884298 -0.05314779
0.006577563 -0.04476917 -0.05398077
0.00614612 -0.04182961 -0.05265632
0.005723644 -0.03993057 -0.05166486
0.01477191 -0.04048076 -0.04735646
0.01551781 -0.04098759 -0.04841393
0.01663161 -0.04247795 -0.04941022
0.01761648 -0.04505383 -0.04831791
0.02313259 -0.03004858 -0.04750955
0.07407314 -0.01707494 0.02697301
0.01743266 -0.04122216 -0.04449743
0.01839634 -0.04132576 -0.04516095
0.006562844 -0.01802846 -0.05607033
0.01531442 -0.01644711 -0.04965499
0.007411301 -0.01657835 -0.0559279
0.02347199 0.004879456 -0.04367989
0.03280776 0.0001232792 -0.04142663
0.01840684 -0.008306749 -0.05256301
0.05016079 0.07522491 -0.03015065
0.04532003 0.06501899 -0.03878573
0.04056953 0.05415443 -0.04559964
0.02037301 -0.05220514 -0.04381022
0.01468043 0.05199195 -0.05480799
0.0164549 0.06720452 -0.05191407
0.01880029 0.08288926 -0.04836166
0.04196332 0.01908843 -0.03436813
0.05607504 0.01217366 -0.02460587
0.01742085 0.022539 -0.03811738
0.04982731 0.03047565 -0.03167543
0.01319178 0.01408781 -0.04840466
0.01366568 -0.005344434 -0.06412759
0.06300218 0.006837431 -0.01741704
0.05137838 0.007610913 -0.03033003
0.04335439 0.005615173 -0.03627908
0.03226186 0.006942045 -0.03922912
0.0241267 0.009935385 -0.04083657
0.01785683 0.01358778 -0.04258212
0.005462211 0.02366399 -0.05505762
0.0615384 -0.008122034 -0.01881912
0.05511149 0.03219583 -0.02855775
0.002802653 -0.01268333 -0.06991965
0.01634243 0.0037794 -0.04861188
0.07570906 0.01950034 0.02105549
0.01323037 0.01773129 -0.04364818
0.01901565 -0.009464728 -0.04635075
0.04685742 0.02514656 -0.02963251
0.01397667 -0.001209011 -0.06192264
0.07081474 -0.03610131 0.02475771
0.01748204 0.02510606 -0.03670812
0.009589504 0.002923673 -0.06813398
0.04711558 -0.06221112 -0.01620921
0.04805423 -0.074365 -0.003555
0.07019433 -0.01268862 0.003896356
0.05555184 -0.05480616 -0.008134156
0.06674727 0.03545725 -0.007073432
0.02172932 -0.08012754 -0.03583914
0.001892187 -0.01507251 -0.06152374
0.02153279 -0.001713131 -0.04609764
0.0628041 0.02065287 -0.01554123
0.03681079 0.02206407 -0.03689197
0.03171431 0.02146614 -0.03850135
0.02095918 -0.04386257 -0.04400235
0.06036831 -0.02275205 -0.01659301
0.01124515 -0.09032432 -0.03305644
0.02943011 -0.08526231 -0.02094245
0.03788889 -0.08122351 -0.01328582
0.02674945 0.02199844 -0.03880101
0.02206851 0.02330272 -0.03799236
0.01904438 0.02425092 -0.03673694
0.06015287 0.03390473 -0.02213788
0.02263592 0.02901291 -0.03938171
0.02768083 0.03019611 -0.04043832
0.03260303 0.03037959 -0.04011109
0.03768057 0.02934331 -0.03839359
0.04102745 0.02777108 -0.0362083
0.07317085 0.03859662 0.01029062
0.04032459 0.02306728 -0.03483209
0.01802179 -0.02596228 -0.05045775
0.01308543 -0.01103248 -0.05762199
0.00739704 -0.02330079 -0.05584508
0.03854676 -0.07034552 -0.02235875
0.03035694 -0.07559358 -0.02884707
0.01133426 -0.08282445 -0.04141003
0.05633711 -0.06478959 0.008155286
0.01903907 0.02684757 -0.03784707
0.009019366 0.01388802 -0.05690417
0.02081297 -0.0881729 -0.02837658
0.0675322 -0.02931865 0.00302434
0.01060881 -0.03997097 -0.04982901
0.01138165 -0.04125548 -0.05097872
0.01214008 -0.0435544 -0.05216563
0.01272929 -0.04725013 -0.05134925
0.01444791 -0.05520038 -0.04677078
0.01857065 -0.04143202 -0.0448679
0.02014796 -0.04095522 -0.04488358
0.02173387 -0.0400332 -0.04484713
0.0274494 -0.03582235 -0.04338127
0.05110882 -0.02407632 -0.02939197
0.009217245 0.01938807 -0.05129677
0.01271451 0.03074365 -0.04125941
0.01640133 0.02886976 -0.0389488
0.01751556 -0.04077732 -0.04441786
0.05193034 -0.04222587 -0.02011892
0.007563639 0.03185407 -0.0491612
0.01722619 -0.06364039 -0.04321057
0.005025558 0.01796694 -0.061167
0.01251338 0.004516289 -0.05661047
0.008680187 -0.06616152 -0.04586002
0.03065979 -0.05307475 -0.03666738
0.02372187 -0.01462353 -0.04478717
0.02432241 -0.05951649 -0.03982797
0.03758201 -0.01559883 -0.04189751
0.0290504 -0.02091606 -0.04386625
0.04260881 -0.02717821 -0.03693199
0.01025192 -0.0749137 -0.04510504
0.01579718 0.0004100073 -0.05213118
0.03568487 -0.06021482 -0.03052807
0.02797246 -0.06685775 -0.03459319
0.03555706 -0.04418691 -0.03574178
0.0586422 -0.03524593 -0.01435181
0.04293428 -0.04643402 -0.02903235
0.06277885 -0.04403707 0.0002331436
0.03369634 -0.03055844 -0.04089686
0.01256522 0.008994473 -0.05247653
0.01188399 -0.008048208 -0.06537163
0.01536807 -0.01053121 -0.05848312
0.009621268 -0.003397379 -0.06992203
0.01766596 0.03623395 -0.04349276
0.02708836 0.03937352 -0.04451281
0.03499177 0.03984821 -0.04403827
0.04176322 0.03882468 -0.04131356
0.04689039 0.03588012 -0.0371159
0.05116896 0.02372568 -0.02682555
0.07137574 0.003707232 0.002197683
0.04613715 0.01430892 -0.03168991
0.03990895 0.01265841 -0.03549618
0.03214505 0.01271988 -0.03822824
0.0247604 0.01446579 -0.03969353
0.01890389 0.01713139 -0.03980726
0.01488067 0.01983915 -0.0403907
0.07529403 0.001183555 0.02583459
0.01518824 -0.01263781 -0.05530757
0.008678015 0.009283928 -0.06176484
0.008145332 -0.008050071 -0.07015735
0.005260209 -0.01180517 -0.06741974
0.008126866 -0.009480586 -0.06708655
0.01363528 -0.01505756 -0.05306831
0.004371054 -0.01225967 -0.06904122
0.003568891 -0.01455644 -0.0616225
0.01527499 0.02489129 -0.03755894
0.01172695 0.02388809 -0.04122838
0.009809569 0.02330139 -0.04543176
0.04310696 0.02660512 -0.03387713
0.04615602 0.02920155 -0.03363004
