-0.002397556 -0.0355205 -0.06247678
-0.002994288 -0.01335707 -0.07659212
-0.001661759 -0.01969815 -0.06117642
-0.006806854 0.00733877 -0.0670279
-0.003140204 -0.007163364 -0.07836515
-0.002890635 0.001065191 -0.07534215
-0.001078222 0.02246694 -0.05695555
-0.04164785 0.02499619 -0.03306687
-0.000629086 0.03887286 -0.05162695
-0.0006852336 0.04753059 -0.0523743
2.051145E-05 0.07993589 -0.0434002
-0.002443068 -0.03895891 -0.06180426
-0.002335299 -0.04167577 -0.05985063
-0.002113063 -0.04283061 -0.05711722
-0.002155963 -0.04590159 -0.05660939
-0.002294336 -0.0488911 -0.05780813
-0.00249549 -0.05254993 -0.05931696
-0.002423327 -0.05669397 -0.05858478
-0.00183633 -0.06342668 -0.05286458
-0.002807129 -0.01650315 -0.07356387
-0.007066216 -0.01579118 -0.06503326
-0.06213084 0.05658444 -0.001675159
-0.02520187 0.01893534 -0.0396679
-0.03090256 0.0182835 -0.03933129
-0.03630092 0.01871827 -0.03762677
-0.0436863 0.02259021 -0.03226289
-0.02022279 0.0210007 -0.03869635
-0.03263833 0.03409461 -0.04134366
-0.02660346 0.03400455 -0.04104316
-0.03821979 0.03344159 -0.03932804
-0.04202091 0.03167086 -0.03683281
-0.04786345 0.01889735 -0.02938405
-0.02290208 -0.07369252 -0.04586968
-0.04361636 0.0266662 -0.0309146
-0.06481352 0.02571229 -0.001302004
-0.05413245 0.02448125 -0.0227004
-0.02964886 -0.008010142 -0.04723442
-0.009519313 -0.03433383 -0.06174541
-0.008558419 -0.04156982 -0.05906436
-0.01682668 -0.03648835 -0.05824214
-0.02147488 -0.03924911 -0.05372849
-0.0138898 -0.04191282 -0.05669254
-0.01791274 -0.04254962 -0.05239481
-0.02831865 -0.05054218 -0.04459661
-0.007437874 -0.01315405 -0.07608747
-0.008295927 -0.00731026 -0.07770687
-0.05062599 0.0401894 -0.03423446
-0.01799851 0.008312132 -0.04686844
-0.01979927 -0.01126618 -0.06079629
-0.02019335 -0.00799383 -0.05868497
-0.04623336 -0.007314455 -0.03936794
-0.007693313 0.0004757755 -0.07355314
-0.0373264 0.04554987 -0.04444805
-0.04509167 0.04405647 -0.03974682
-0.05616023 0.06692258 -0.01317918
-0.01292601 0.0401761 -0.04994228
-0.02113724 0.03264267 -0.03916886
-0.03251201 -0.04359811 -0.04295787
-0.05933517 -0.04236841 0.01174277
-0.01548586 -0.0145373 -0.05845895
-0.01063896 -0.01668189 -0.05905691
-0.0266967 -0.0438652 -0.04360592
-0.02408156 -0.04336251 -0.04525977
-0.04817505 0.04929696 -0.03640836
-0.01993816 -0.01411994 -0.05750948
-0.02695217 0.04483466 -0.04797342
-0.02793536 0.05018384 -0.04894963
-0.03275018 0.07789381 -0.03621563
-0.05192661 0.05788285 -0.02636111
-0.02960451 0.06427424 -0.04287195
-0.05403354 0.04430858 -0.02862793
-0.05784735 0.04985944 -0.01598412
-0.009237688 -0.03846036 -0.06115267
-0.01522302 -0.03972182 -0.05779722
-0.01973072 -0.04097939 -0.05359784
-0.01392251 -0.01574302 -0.05716428
-0.02535783 -0.04371067 -0.04447612
-0.02306568 -0.04540484 -0.04831171
-0.02338957 -0.04298113 -0.04542598
-0.01287592 -0.01246729 -0.06709573
-0.01674397 -0.04218601 -0.05139226
-0.01254558 -0.04236625 -0.05427954
-0.007683609 -0.0425811 -0.05651918
-0.009753045 -0.06298274 -0.05264747
-0.009856265 -0.05594623 -0.05825281
-0.009522419 -0.05177152 -0.05879149
-0.008810338 -0.04805791 -0.05715609
-0.008139063 -0.04557653 -0.05598143
-0.01762668 -0.04447864 -0.05090386
-0.01862543 -0.04541085 -0.05198041
-0.02010142 -0.04733925 -0.05302393
-0.02119177 -0.04979842 -0.05201209
-0.02575186 -0.03146756 -0.05128735
-0.06613141 -0.004892629 0.02298415
-0.001900498 -0.01750489 -0.06538182
-0.02028902 -0.0441075 -0.04766753
-0.02158735 -0.04448658 -0.04832712
-0.0087859 -0.01970678 -0.05966973
-0.01771352 -0.01798458 -0.05309886
-0.009658609 -0.01825105 -0.05949074
-0.02407701 0.004548449 -0.04504973
-0.03319088 0.0001975708 -0.04357278
-0.02100058 -0.01080654 -0.05531341
-0.04677607 0.07397224 -0.02550885
-0.04295139 0.06292291 -0.03511217
-0.0392915 0.05142381 -0.04299614
-0.02349942 -0.05530547 -0.04789343
-0.01475351 0.04854039 -0.05190885
-0.01596174 0.0638629 -0.04724935
-0.01780892 0.07937065 -0.04227233
-0.04099842 0.02006916 -0.03487661
-0.05372979 0.01458743 -0.02618015
-0.01698161 0.02309541 -0.03769955
-0.04817715 0.031234 -0.03131932
-0.01389834 0.01256042 -0.04885513
-0.01651238 -0.008940805 -0.06674901
-0.05984966 0.01055384 -0.01959953
-0.04994879 0.009336874 -0.03214023
-0.04280753 0.006465282 -0.0380103
-0.03212892 0.007365655 -0.04064175
-0.02413925 0.01010735 -0.04173025
-0.01803368 0.01325728 -0.04306063
-0.00638685 0.02089992 -0.05474699
-0.05913758 -0.004013736 -0.02220026
-0.05274893 0.0331209 -0.02822089
-0.005459435 -0.01623203 -0.07327542
-0.01777991 0.002018679 -0.04996973
-0.06731008 0.02866863 0.01987737
-0.01343463 0.01704233 -0.04371482
-0.02118774 -0.01100626 -0.04900315
-0.04545574 0.02651804 -0.02973911
-0.01678874 -0.005008869 -0.06411475
-0.0639158 -0.02336947 0.01914188
-0.01691724 0.02578961 -0.03599054
-0.01234585 -0.001663383 -0.06998068
-0.04649209 -0.0584979 -0.02213821
-0.04587801 -0.06731044 -0.01136324
-0.06498475 -0.004612911 0.0002600551
-0.05367093 -0.04910312 -0.01394135
-0.06142247 0.03937487 -0.006796092
-0.02369229 -0.08095019 -0.04259348
-0.004017431 -0.01722321 -0.06497169
-0.02292474 -0.002803702 -0.04803824
-0.05903112 0.02401925 -0.0165506
-0.03595463 0.02282947 -0.03688163
-0.03100831 0.02218922 -0.03840935
-0.02448919 -0.04677391 -0.04733163
-0.05826851 -0.0178948 -0.02090281
-0.01294015 -0.09070882 -0.04141682
-0.02978321 -0.08227035 -0.02862233
-0.03717903 -0.07625978 -0.02110532
-0.0003662072 0.06353125 -0.04840845
-0.0009141453 -0.09180814 -0.04303321
-0.02613685 0.02265613 -0.03854579
-0.02150781 0.02401945 -0.03755388
-0.01843783 0.02505882 -0.03613576
-0.05678044 0.03563348 -0.02184424
-0.02209644 0.02869286 -0.03833643
-0.0271195 0.0294745 -0.0395
-0.03197236 0.02960081 -0.03926963
-0.03694999 0.02886683 -0.03780171
-0.04017528 0.02780155 -0.03584394
-0.06563358 0.04497882 0.01058719
-0.03931891 0.02393294 -0.03484777
-0.001751937 -0.02477019 -0.06014022
-0.02064691 -0.02749054 -0.05434749
-0.0156754 -0.01347949 -0.06068689
-0.009708829 -0.02536125 -0.05979767
-0.000664819 0.03087865 -0.05191121
-0.0388536 -0.06757626 -0.02859518
-0.03148929 -0.07444647 -0.03524491
-0.01385871 -0.08523355 -0.04884511
-0.05292827 -0.0570679 0.0005600452
-0.01851342 0.0271317 -0.03696486
-0.0105117 0.01057695 -0.05746874
-0.001587242 -0.08645768 -0.05018738
-0.02204813 -0.0872217 -0.03637952
-0.06309887 -0.02079121 -0.001516819
-0.01329142 -0.0449771 -0.05372551
-0.01435097 -0.04677903 -0.05495968
-0.01545018 -0.04968983 -0.05621883
-0.0161567 -0.05349547 -0.05553463
-0.01753914 -0.05970116 -0.05114377
-0.02165279 -0.04288574 -0.04858038
-0.02339754 -0.04235546 -0.04861107
-0.02504327 -0.04137462 -0.04861963
-0.03012315 -0.03692602 -0.04721081
-0.05065684 -0.02169816 -0.033676
-0.009970669 0.01728752 -0.05133376
-0.01237122 0.03027244 -0.03995785
-0.01589603 0.02900344 -0.03789395
-0.02028812 -0.04206635 -0.04796714
-0.05141748 -0.03848848 -0.02523291
-0.007826727 0.03000382 -0.0478856
-0.02038369 -0.06647508 -0.04806483
-0.002266351 0.00820348 -0.06897533
-0.006734591 0.01365437 -0.0614424
-0.001625117 0.01503958 -0.06272638
-0.01477961 0.0005642958 -0.05809367
-0.001851566 -0.07935926 -0.05327609
-0.001819439 -0.07097014 -0.05294302
-0.01151479 -0.07030536 -0.05181164
-0.03314583 -0.05347749 -0.04110262
-0.02587324 -0.01642724 -0.04784891
-0.02737303 -0.0610042 -0.04434875
-0.03850802 -0.01581553 -0.04528314
-0.03115863 -0.02313641 -0.04721203
-0.04330484 -0.02662014 -0.04105106
-0.01335244 -0.07830782 -0.05176491
-0.01812981 -0.002954539 -0.05393165
-0.03754446 -0.05917503 -0.03542721
-0.03021991 -0.06704773 -0.03984725
-0.03764368 -0.04461598 -0.04014704
-0.05687059 -0.02991437 -0.01927203
-0.0443121 -0.04597216 -0.03392473
-0.05988454 -0.03573988 -0.005026996
-0.03567259 -0.03198144 -0.04485807
-0.01401176 0.006459508 -0.05340254
-0.01475389 -0.01159506 -0.06828409
-0.01810856 -0.01322806 -0.06155306
-0.01256803 -0.007734114 -0.07246479
-0.0172439 0.03530575 -0.04170829
-0.02651193 0.03812233 -0.04272825
-0.03438291 0.03855847 -0.04243219
-0.04098206 0.03789564 -0.03995979
-0.04573637 0.0356537 -0.03615919
-0.0491126 0.02546073 -0.02723286
-0.06571632 0.01071481 -0.0003151
-0.04489719 0.01567573 -0.0327822
-0.03909642 0.01351272 -0.03659523
-0.03168711 0.01333381 -0.03909341
-0.0244955 0.01488361 -0.04008177
-0.01872097 0.017378 -0.03994718
-0.01473363 0.01982758 -0.04018828
-0.06690767 0.01225112 0.02348965
-0.01782856 -0.0149229 -0.05855414
-0.01090468 0.004669249 -0.06283996
-0.01106799 -0.01203726 -0.07309249
-0.00789208 -0.0150876 -0.07065481
-0.01086596 -0.01289215 -0.07009608
-0.01611499 -0.01690814 -0.05647856
-0.00705551 -0.01575177 -0.07236734
-0.005810756 -0.01678999 -0.06499544
-0.01477006 0.02541811 -0.03687674
-0.01160378 0.02360457 -0.04065126
-0.01004287 0.0222037 -0.04504469
-0.04208792 0.02707529 -0.03372055
-0.0450103 0.02986553 -0.03322685
0.002695512 0.007461913 -0.06667203
0.04370297 0.0265707 -0.03086147
0.003043447 -0.01571235 -0.06481725
0.06899902 0.05818427 0.001422107
0.02557505 0.01969105 -0.03810167
0.03134958 0.01918726 -0.03749999
0.03713578 0.01977899 -0.03557712
0.04565935 0.02408149 -0.02989423
0.02091691 0.02164578 -0.03744456
0.03283587 0.03574632 -0.03941429
0.02674488 0.03531565 -0.03954333
0.03901744 0.03533388 -0.03717661
0.04337761 0.03359932 -0.03457195
0.05031202 0.02013328 -0.02684528
0.02052991 -0.07331577 -0.0449259
0.04613722 0.02842763 -0.02858686
0.07164238 0.02720452 0.001892269
0.05770516 0.02599226 -0.02000099
0.02841393 -0.007679213 -0.04569414
0.004781589 -0.03437392 -0.06134242
0.003865022 -0.04163005 -0.05864275
0.01243481 -0.0365495 -0.05739361
0.01747725 -0.03939191 -0.05250698
0.009358019 -0.0420053 -0.05584311
0.01396604 -0.042712 -0.05129325
0.02561904 -0.050544 -0.04309368
0.001448959 -0.01310665 -0.07594678
0.002029557 -0.007256549 -0.07751754
0.05259533 0.0427861 -0.03160477
0.01713147 0.008703891 -0.04584333
0.01629281 -0.0111203 -0.05999675
0.01701409 -0.007830851 -0.05785513
0.04632949 -0.006730113 -0.03679961
0.002288949 0.0005531833 -0.07320341
0.03764373 0.04792765 -0.04258129
0.04628262 0.04666311 -0.03743386
0.06130536 0.06854352 -0.01047838
0.01193937 0.04102357 -0.04925159
0.02171985 0.03364697 -0.03797236
0.03030322 -0.04362283 -0.0410516
0.06663959 -0.04106965 0.01454675
0.01245881 -0.0144298 -0.05797303
0.007572468 -0.01664003 -0.05891106
0.02413498 -0.04403464 -0.04182845
0.02100729 -0.04356665 -0.04368004
0.05000096 0.05204136 -0.03403038
0.01685755 -0.01401681 -0.05676204
0.02645 0.04651092 -0.04674941
0.02726692 0.05192253 -0.04773739
0.03403775 0.07892303 -0.03462851
0.05512309 0.06000317 -0.02390507
0.03002806 0.06559955 -0.04155064
0.05694036 0.04688142 -0.02592567
0.06263052 0.05187756 -0.01313603
0.004353844 -0.03853545 -0.06070942
0.01070916 -0.03982945 -0.05694169
0.01563715 -0.04114806 -0.05245337
0.01113823 -0.01564984 -0.05677891
0.02253882 -0.0438957 -0.0428302
0.01943589 -0.04552868 -0.04698989
0.02020231 -0.04315653 -0.04387301
0.008338813 -0.01229415 -0.06644115
0.01280652 -0.04237658 -0.05029368
0.008417759 -0.04247287 -0.05344722
0.003369451 -0.04262964 -0.05603033
0.006042175 -0.06294006 -0.05230719
0.004943259 -0.05595209 -0.05779317
0.004521266 -0.0517882 -0.05828935
0.004233792 -0.04805932 -0.05665436
0.003793094 -0.04555538 -0.05546829
0.01371622 -0.04454636 -0.04986379
0.01447475 -0.04546895 -0.05098537
0.01566244 -0.04739888 -0.05200744
0.01703093 -0.04984203 -0.05094212
0.0228519 -0.03153335 -0.05000821
0.07627609 -0.003628332 0.02606007
0.01682786 -0.04422278 -0.04630169
0.017996 -0.04462675 -0.04702973
0.005619109 -0.01970822 -0.0593909
0.01548107 -0.01791765 -0.05260935
0.006535929 -0.0182362 -0.0592992
0.02346986 0.004943129 -0.04363883
0.03279867 0.0006879754 -0.04166013
0.01835459 -0.01066256 -0.05447656
0.04988635 0.07537423 -0.02331978
0.04477951 0.0648724 -0.03316203
0.03993369 0.05386166 -0.04109198
0.02030321 -0.05525521 -0.04662871
0.01344707 0.04942771 -0.05126339
0.01546237 0.06445082 -0.04662418
0.01790731 0.07984233 -0.04154798
0.04242108 0.02135804 -0.03263801
0.05660926 0.01569545 -0.02345154
0.01805101 0.02374162 -0.03656301
0.05050855 0.03322238 -0.028777
0.01283573 0.0129207 -0.04799733
0.01204081 -0.008769425 -0.06609327
0.06363943 0.01174227 -0.0164935
0.0517793 0.01022616 -0.02949828
0.04349967 0.007157385 -0.03566149
0.03236276 0.007970478 -0.03871956
0.02422758 0.01062699 -0.04024726
0.01788552 0.01372478 -0.04199222
0.00459072 0.02109866 -0.05438748
0.06227655 -0.003068354 -0.01905495
0.05545756 0.03515246 -0.0255284
-0.0001469366 -0.01620976 -0.07309687
0.01636698 0.002287943 -0.04902375
0.07750896 0.03011864 0.02319449
0.0133894 0.01747728 -0.04283667
0.01982995 -0.01091497 -0.04814327
0.04812824 0.02831526 -0.02727321
0.01271429 -0.004853617 -0.06345388
0.07294598 -0.02202297 0.02204952
0.01833129 0.02657513 -0.03478533
0.007378347 -0.001505997 -0.06944883
0.04803898 -0.05744423 -0.01996082
0.04900816 -0.06592959 -0.009254694
0.0718279 -0.003360111 0.003406554
0.05671466 -0.04798595 -0.01139337
0.06757481 0.04104126 -0.003774583
0.02192837 -0.0804089 -0.04157075
0.0002707131 -0.01720159 -0.06488642
0.02167733 -0.002538711 -0.04688448
0.06349888 0.02554465 -0.01359928
0.03721763 0.02403016 -0.03488547
0.03184516 0.02317396 -0.03657115
0.02110711 -0.04687454 -0.04593214
0.0611912 -0.0169877 -0.01791069
0.01144561 -0.09041792 -0.04081744
0.030413 -0.08129945 -0.02719575
0.03884783 -0.07504365 -0.01932216
0.0268825 0.02348421 -0.03696069
0.02249527 0.02477166 -0.03611958
0.01981664 0.025799 -0.0348337
0.06051646 0.03761678 -0.01892409
0.02273312 0.02981046 -0.03692335
0.02733603 0.03080577 -0.03788891
0.0324189 0.03121511 -0.03742242
0.0378695 0.03063994 -0.035761
0.04157092 0.02957486 -0.03366408
0.074578 0.04651274 0.01389256
0.04103247 0.02532519 -0.03271294
0.01760903 -0.02751081 -0.0534381
0.0122694 -0.01337356 -0.0602015
0.006063405 -0.02537842 -0.05941686
0.03933394 -0.06666218 -0.02688935
0.03083231 -0.07359679 -0.03389326
0.01100351 -0.08498186 -0.04827395
0.05817369 -0.05572279 0.00308758
0.01967003 0.02803325 -0.03563043
0.008072142 0.01080361 -0.05694342
0.02146563 -0.08660272 -0.0352689
0.06903102 -0.01952934 0.001452297
0.009145278 -0.04497778 -0.05291989
0.009926539 -0.04679208 -0.05415606
0.01072868 -0.04969678 -0.05536634
0.01160793 -0.05350932 -0.05465865
0.01388508 -0.05961565 -0.0501661
0.01804057 -0.04308216 -0.04721069
0.01991206 -0.04253853 -0.04710904
0.02161962 -0.04153945 -0.0470643
0.02751377 -0.03699659 -0.04548815
0.0511792 -0.02110006 -0.03099626
0.008676503 0.01758881 -0.05070826
0.01316031 0.03089734 -0.03934014
0.01695102 0.02981122 -0.03675872
0.01670184 -0.04228047 -0.04655281
0.05289613 -0.03777712 -0.0226765
0.007176008 0.03036943 -0.04747474
0.01741499 -0.06622801 -0.04715681
0.003647238 0.01378455 -0.06117555
0.01196071 0.0007634871 -0.05746624
0.008035962 -0.07018054 -0.05142567
0.0313951 -0.05325655 -0.03945565
0.02441005 -0.01627341 -0.04673418
0.02495262 -0.0607357 -0.04310989
0.037256 -0.01542301 -0.04327881
0.0293938 -0.02299829 -0.04567096
0.04236317 -0.02621395 -0.03875726
0.00998782 -0.07814112 -0.05119929
0.0158882 -0.002782125 -0.05315894
0.03694309 -0.05862746 -0.0336833
0.02879365 -0.06649227 -0.03857061
0.03627969 -0.04442066 -0.03803393
0.05953481 -0.02904174 -0.01651013
0.04401572 -0.0454435 -0.03169879
0.06478451 -0.03454534 -0.002150238
0.03374359 -0.03189928 -0.04294616
0.01213423 0.006744292 -0.05263159
0.009945173 -0.01141836 -0.06762302
0.01442974 -0.01309365 -0.06093147
0.007211503 -0.007578159 -0.07199442
0.01761815 0.03627457 -0.04082862
0.02676022 0.0396245 -0.04138905
0.03482127 0.04043985 -0.04055822
0.04195809 0.03998681 -0.03777498
0.04735733 0.03783288 -0.03378773
0.05205678 0.02708786 -0.02468869
0.07268509 0.01210042 0.002998561
0.04671587 0.01678462 -0.03033802
0.04011023 0.01439687 -0.03442746
0.03218135 0.01408039 -0.03724635
0.02479373 0.01554973 -0.0386
0.0191425 0.0179339 -0.03885582
0.0152781 0.02034664 -0.03926542
0.07748206 0.0135885 0.0268048
0.01465645 -0.01481095 -0.05793449
0.007484026 0.004864659 -0.06228188
0.005495321 -0.01188902 -0.0726983
0.002614632 -0.01496826 -0.07045531
0.005754273 -0.0127191 -0.06967753
0.01328208 -0.01682158 -0.05600685
0.001531068 -0.01565582 -0.07219544
0.001906142 -0.01673733 -0.06485271
0.01611089 0.02606265 -0.03593022
0.01217818 0.02407693 -0.03993616
0.009832986 0.02256874 -0.04443344
0.04398276 0.02886307 -0.03146255
0.04702331 0.03178528 -0.03091165
