-0.0001654013 -0.02929853 -0.05961794
0.001045966 -0.01409966 -0.07771704
0.0003821661 -0.01894173 -0.061068
-0.003549593 0.00723788 -0.06786191
0.001207979 -0.007812439 -0.07955018
0.001186935 0.0007862318 -0.07647675
0.0009356344 0.02230058 -0.05818611
-0.04216708 0.02617734 -0.03103131
0.000879036 0.036208 -0.05310184
0.0009957494 0.04433532 -0.05412519
0.0009969098 0.07894535 -0.04571009
-0.0002865831 -0.03185938 -0.05891758
-0.0004281069 -0.03335015 -0.05718243
-0.0005333035 -0.03336067 -0.05441684
-0.0007384273 -0.04074551 -0.05300128
-0.0007682054 -0.04265469 -0.05430937
-0.0008138663 -0.04512682 -0.0560506
-0.0009194075 -0.04852647 -0.05559939
-0.001204346 -0.05660678 -0.0509004
0.0008154453 -0.01716391 -0.07456583
-0.004683893 -0.01600557 -0.06540549
-0.06843515 0.05447256 0.0008183122
-0.02452613 0.02036773 -0.03828984
-0.03052747 0.02009629 -0.03780705
-0.03639843 0.0206519 -0.03591859
-0.04483444 0.02396731 -0.03009373
-0.01957507 0.02170088 -0.03762865
-0.03244628 0.03367449 -0.03990328
-0.02628075 0.03351165 -0.03985715
-0.0382593 0.03298902 -0.037709
-0.04237371 0.03138046 -0.03503388
-0.05022081 0.02057477 -0.02687699
-0.02403847 -0.06855899 -0.04275376
-0.0445779 0.02739027 -0.02880216
-0.07229662 0.0248397 0.002590597
-0.05773529 0.02452949 -0.02009124
-0.03063154 -0.004418397 -0.04562372
-0.008670215 -0.02813026 -0.05869108
-0.008425364 -0.03284251 -0.05587751
-0.01766714 -0.02852168 -0.0543412
-0.0238243 -0.02936608 -0.04827052
-0.01506135 -0.03228843 -0.05252498
-0.02039213 -0.03197575 -0.0469085
-0.03100975 -0.03980262 -0.03742486
-0.003573638 -0.01384016 -0.07703885
-0.003944553 -0.007585982 -0.07871631
-0.05182891 0.03788199 -0.03305036
-0.01726469 0.009961134 -0.04609299
-0.01802101 -0.009397788 -0.06043184
-0.01833735 -0.005786194 -0.05818075
-0.05014615 -0.002341704 -0.03669071
-0.003703935 0.0003131535 -0.07449573
-0.0364399 0.04260812 -0.04441607
-0.04519241 0.0413307 -0.03936851
-0.06041412 0.06482557 -0.01164186
-0.0109849 0.03718116 -0.05086148
-0.02089353 0.03218308 -0.03800362
-0.03629167 -0.03239142 -0.03587717
-0.07054783 -0.04214311 0.01658452
-0.01413705 -0.01301895 -0.05810624
-0.009167811 -0.01526758 -0.05887383
-0.03143268 -0.03148662 -0.03567737
-0.0284277 -0.03184407 -0.03728193
-0.0488949 0.04623482 -0.03574818
-0.01886046 -0.01116214 -0.05675948
-0.02515977 0.04162746 -0.04834372
-0.02616943 0.04710613 -0.0494917
-0.03332614 0.0767675 -0.03669333
-0.05416225 0.05561863 -0.02515101
-0.02900051 0.06265032 -0.04341745
-0.05621384 0.0416544 -0.02718651
-0.06205009 0.04759354 -0.01396626
-0.00866773 -0.03113875 -0.05794764
-0.01616665 -0.03090171 -0.05360842
-0.0220372 -0.03074834 -0.04802978
-0.01289653 -0.01388309 -0.05684537
-0.0300054 -0.0315503 -0.03648716
-0.02624088 -0.03535368 -0.04057062
-0.02750072 -0.0321755 -0.03757048
-0.01023615 -0.01276521 -0.0675754
-0.01948488 -0.03131859 -0.04589927
-0.01415063 -0.03198601 -0.05000651
-0.007937102 -0.03288268 -0.05324036
-0.009906914 -0.05596845 -0.04996479
-0.009028856 -0.04763874 -0.05455488
-0.008690875 -0.04417349 -0.0548563
-0.008390186 -0.04181478 -0.05299008
-0.007899845 -0.04018482 -0.05176234
-0.01967721 -0.03703118 -0.04469609
-0.0205533 -0.03744443 -0.04566354
-0.02169105 -0.03862673 -0.04653478
-0.02272393 -0.04060785 -0.04544419
-0.02803483 -0.02446583 -0.04632777
-0.07742311 -0.006099509 0.0275836
0.0006584821 -0.01807038 -0.06590459
-0.02332738 -0.03544266 -0.04040092
-0.02476502 -0.03502574 -0.04081267
-0.007248888 -0.01806694 -0.05905557
-0.01761822 -0.01428027 -0.05185306
-0.00810918 -0.01676965 -0.05923033
-0.02395637 0.007128207 -0.04386365
-0.03440028 0.003954938 -0.04207617
-0.01990796 -0.007821726 -0.0544188
-0.04910887 0.07232099 -0.0247913
-0.04363273 0.06085003 -0.03464288
-0.038635 0.04836926 -0.04293537
-0.02548549 -0.04637123 -0.04173905
-0.01269801 0.04544678 -0.05295819
-0.01477554 0.06274484 -0.04845756
-0.01734153 0.07862433 -0.04367101
-0.04167929 0.0218628 -0.03294235
-0.05743747 0.01665275 -0.02320302
-0.01646887 0.0231225 -0.036816
-0.04963733 0.0304441 -0.02938479
-0.01274253 0.01349658 -0.04841679
-0.01372788 -0.00849138 -0.06702197
-0.06522156 0.01230844 -0.01605421
-0.05267757 0.01274368 -0.0292511
-0.04439256 0.0105639 -0.03538436
-0.03266111 0.01056822 -0.03873044
-0.02385907 0.01227552 -0.0402506
-0.01741756 0.01468256 -0.04211348
-0.004551046 0.02080284 -0.05565
-0.06559034 -0.0008092914 -0.018363
-0.05509931 0.03182311 -0.0263077
-0.00199757 -0.01676747 -0.07413578
-0.01691761 0.003769195 -0.04922724
-0.07728504 0.02672691 0.02409154
-0.01270709 0.01771702 -0.04313976
-0.02107075 -0.007593209 -0.04754764
-0.04674559 0.02689861 -0.02753526
-0.01397899 -0.004026374 -0.06425402
-0.07547376 -0.02401494 0.02377754
-0.01676288 0.02544441 -0.0350703
-0.008729281 -0.001384908 -0.0706138
-0.05316254 -0.05451786 -0.01713884
-0.0533828 -0.06508616 -0.007053018
-0.07424431 -0.004239203 0.004620612
-0.06253525 -0.04649864 -0.009202182
-0.06747028 0.03769532 -0.003790021
-0.02517237 -0.076886 -0.0399518
-0.001587304 -0.01773275 -0.06540173
-0.02284199 9.917282E-05 -0.04684603
-0.06396513 0.02374899 -0.01357883
-0.03577882 0.02431591 -0.0351519
-0.03050461 0.02366611 -0.03691036
-0.02764333 -0.03620056 -0.03957325
-0.06634325 -0.0146519 -0.01676375
-0.01429018 -0.08694828 -0.03980201
-0.0332788 -0.07918427 -0.02547461
-0.04229042 -0.07337949 -0.01726073
0.001016075 0.06237116 -0.0503422
-0.002056489 -0.08797882 -0.04199016
-0.02552506 0.02386877 -0.03724062
-0.02089043 0.02463127 -0.03638035
-0.01803939 0.02502115 -0.03519624
-0.06037468 0.0340128 -0.01958191
-0.02197836 0.02941295 -0.03707802
-0.02708562 0.03083471 -0.03807837
-0.03206964 0.03108605 -0.03771311
-0.03721925 0.03028697 -0.0360713
-0.04062837 0.02895353 -0.03391242
-0.07397023 0.04285353 0.01409107
-0.03950939 0.02527018 -0.03294951
0.0001797338 -0.02229798 -0.05896461
-0.02135961 -0.02195964 -0.05111098
-0.0140029 -0.01262286 -0.0607205
-0.008521264 -0.02187606 -0.05805767
0.0007955951 0.02979163 -0.05311656
-0.04316082 -0.0632013 -0.02380317
-0.03426438 -0.07022929 -0.03143108
-0.01417983 -0.08078997 -0.04706299
-0.0626329 -0.05580058 0.005038083
-0.01832855 0.02709473 -0.03596234
-0.008343548 0.01086154 -0.05779237
-0.001722226 -0.08182197 -0.04892027
-0.02426465 -0.08388709 -0.03401095
-0.07308748 -0.02005358 0.002889037
-0.01424723 -0.03880687 -0.04860801
-0.01510846 -0.03991145 -0.04975355
-0.01576649 -0.04184894 -0.05089283
-0.01639502 -0.04498843 -0.05021816
-0.01863037 -0.05209018 -0.04648352
-0.02545208 -0.03153417 -0.04176372
-0.02720433 -0.03089716 -0.04156458
-0.0288013 -0.02993811 -0.04163587
-0.0338227 -0.02756453 -0.04084289
-0.05729947 -0.0170437 -0.0301289
-0.008432664 0.01753036 -0.05154759
-0.01187819 0.02937758 -0.03953439
-0.01565668 0.02847472 -0.03711838
-0.02405636 -0.03096718 -0.04116476
-0.05939599 -0.03415488 -0.02064139
-0.006639792 0.02900891 -0.04845041
-0.02147545 -0.05995258 -0.04429638
0.001114148 0.007972678 -0.0700489
-0.004057605 0.0136298 -0.06241292
0.001040056 0.01482334 -0.06392851
-0.01263778 0.001555299 -0.05810273
-0.001475416 -0.07391792 -0.05179906
-0.001338279 -0.0646516 -0.05124056
-0.01158483 -0.06408548 -0.04942793
-0.03568677 -0.04465574 -0.03467137
-0.0264302 -0.01211666 -0.04572529
-0.02902239 -0.05335271 -0.0390529
-0.04174463 -0.01118632 -0.04283023
-0.03321796 -0.01778879 -0.04370397
-0.04828945 -0.02096123 -0.03717709
-0.01337089 -0.07306872 -0.04974139
-0.01668431 -0.001076588 -0.0533585
-0.04082111 -0.05268103 -0.02984411
-0.03229261 -0.06118971 -0.03541768
-0.04128751 -0.03557689 -0.0339995
-0.06566222 -0.02674948 -0.01482385
-0.04974327 -0.03958935 -0.02852064
-0.06979073 -0.03448462 -0.0003651381
-0.03943468 -0.0240538 -0.04001206
-0.01243442 0.007365776 -0.05313659
-0.01194998 -0.01164387 -0.06877664
-0.01635509 -0.01178031 -0.06134167
-0.008955786 -0.00801163 -0.07325563
-0.0163315 0.03351202 -0.04125714
-0.02563551 0.03618025 -0.04220319
-0.03375521 0.03679857 -0.04161584
-0.0408764 0.03628582 -0.03879696
-0.04628617 0.03426288 -0.03473514
-0.05133688 0.02565273 -0.02489454
-0.07400849 0.01050654 0.004015267
-0.04645941 0.01805576 -0.03029186
-0.03983691 0.01623376 -0.03439128
-0.03164455 0.01572308 -0.03724688
-0.02400469 0.01660871 -0.03850067
-0.01814903 0.01835937 -0.03892368
-0.0141929 0.02028385 -0.03930837
-0.07770331 0.01055993 0.02798373
-0.01658767 -0.01259872 -0.05806834
-0.008129809 0.004885683 -0.06328905
-0.007603036 -0.01266756 -0.07386437
-0.004820462 -0.01547674 -0.07134312
-0.007861124 -0.01344988 -0.07075363
-0.01542318 -0.01405758 -0.05578476
-0.003743338 -0.01620471 -0.07313144
-0.003417272 -0.01710025 -0.06540707
-0.01453022 0.02492995 -0.03611481
-0.01111588 0.02348359 -0.04022628
-0.009189781 0.02219938 -0.04502869
-0.04276313 0.02800754 -0.03170818
-0.04587041 0.02962357 -0.03123659
0.005599726 0.007238017 -0.06783706
0.04176571 0.02645024 -0.03175372
0.005755411 -0.01602009 -0.06557143
0.06616045 0.05463296 -0.0007233024
0.02423738 0.02041231 -0.03854227
0.03013762 0.02015637 -0.03819597
0.03591754 0.02074973 -0.03647333
0.04408509 0.02413073 -0.03085554
0.01947524 0.02178912 -0.03779101
0.03264311 0.03402848 -0.0403887
0.02651198 0.0338087 -0.04030359
0.03840593 0.03336435 -0.03832889
0.04233687 0.03173158 -0.03579301
0.04911616 0.02063487 -0.0277546
0.0206802 -0.06867605 -0.04341668
0.0440899 0.02769887 -0.02958083
0.06911357 0.0248251 0.0009958148
0.0562914 0.02463849 -0.0212785
0.03008528 -0.004581073 -0.04627258
0.008305633 -0.02825583 -0.05898499
0.007412122 -0.03296672 -0.05617744
0.01681469 -0.02878609 -0.05493253
0.02235842 -0.02977947 -0.04897457
0.01368599 -0.03254616 -0.05299026
0.018659 -0.03233626 -0.04754198
0.02826378 -0.0401721 -0.03826958
0.005539818 -0.01387221 -0.07720396
0.006194348 -0.007639365 -0.07882571
0.05186403 0.03841871 -0.03406948
0.01742811 0.009957252 -0.04632634
0.0186504 -0.009527421 -0.06092846
0.01887774 -0.005941527 -0.0586496
0.04876869 -0.002527887 -0.03774279
0.005940878 0.0003112126 -0.07448813
0.03755974 0.04325931 -0.04517573
0.04589554 0.04195543 -0.04024404
0.05943362 0.06504495 -0.01299846
0.01243613 0.03746445 -0.051009
0.02112322 0.03242011 -0.03831947
0.03381103 -0.03282069 -0.0367828
0.06361239 -0.04231128 0.01465654
0.01462186 -0.01312461 -0.05859023
0.009694496 -0.01538346 -0.05931324
0.02900963 -0.0319458 -0.03645384
0.0260357 -0.03228429 -0.03803039
0.04955605 0.04686477 -0.0367983
0.01909422 -0.01132083 -0.05734158
0.02653337 0.04213609 -0.04887813
0.02772436 0.04762205 -0.05011141
0.03442103 0.07699307 -0.03742725
0.05410527 0.0559943 -0.02637255
0.03049048 0.06298331 -0.04409772
0.05592722 0.04217515 -0.0283972
0.06083594 0.04787845 -0.01533979
0.008013132 -0.03126517 -0.05824202
0.01511892 -0.03122324 -0.05414295
0.02046283 -0.03115286 -0.04873747
0.01327801 -0.01398804 -0.05733258
0.02760332 -0.03196234 -0.03727001
0.02387823 -0.03571329 -0.04135025
0.02505505 -0.03257857 -0.03825951
0.01139213 -0.01281761 -0.06776357
0.01759652 -0.03163663 -0.04645407
0.01260836 -0.03220842 -0.05041999
0.006690932 -0.03298225 -0.05346471
0.007429236 -0.05602676 -0.05033058
0.007114395 -0.0477642 -0.0548507
0.00697592 -0.04429099 -0.0550862
0.006771165 -0.04193157 -0.05321628
0.006301794 -0.04030313 -0.05198479
0.01758689 -0.03731517 -0.04524863
0.01846522 -0.03771409 -0.04631156
0.01952229 -0.03889819 -0.04721606
0.02044639 -0.04090635 -0.04613119
0.02688915 -0.02482277 -0.047149
0.07126752 -0.006313654 0.02566189
0.021014 -0.03578985 -0.04095334
0.02249717 -0.0353864 -0.04150683
0.007783195 -0.01816605 -0.05931133
0.0175272 -0.01440703 -0.05254102
0.008692056 -0.01686203 -0.05958718
0.02376509 0.007078355 -0.04420745
0.03382203 0.003861008 -0.04265416
0.02006878 -0.007974962 -0.0549866
0.04925364 0.07258848 -0.02590251
0.04445964 0.06129424 -0.03564817
0.03983433 0.04904636 -0.04376298
0.02281675 -0.04663935 -0.04240894
0.0144954 0.04572809 -0.05322552
0.01660797 0.06288871 -0.04881632
0.0189689 0.07870729 -0.0441218
0.04103692 0.02203698 -0.03361386
0.05592269 0.01659609 -0.02436644
0.01654842 0.02324218 -0.03688395
0.04915375 0.03077798 -0.03029251
0.01333247 0.01354403 -0.04853642
0.0149289 -0.008580001 -0.06737718
0.06286722 0.01219679 -0.01738352
0.0514501 0.01265351 -0.03022754
0.04350408 0.01044332 -0.03615797
0.03213576 0.01052482 -0.03918672
0.02361581 0.01226833 -0.04053724
0.01743814 0.01472992 -0.04229832
0.0061172 0.02086162 -0.05566204
0.06292819 -0.001005696 -0.01977974
0.05432766 0.03214415 -0.02739805
0.003546246 -0.01680008 -0.07419068
0.0171852 0.003721965 -0.04951686
0.07263035 0.02667893 0.02230722
0.01311385 0.01779054 -0.04321796
0.02093006 -0.007774146 -0.04816276
0.04609714 0.02718524 -0.02835476
0.01501541 -0.004123459 -0.06456652
0.06876729 -0.02417579 0.02175349
0.01679009 0.02559881 -0.03514826
0.01045489 -0.001409391 -0.07073519
0.0484432 -0.05469161 -0.01861697
0.04738309 -0.06513413 -0.008508027
0.069922 -0.004409799 0.002862632
0.05744488 -0.04665562 -0.01094234
0.06523085 0.03785945 -0.0052858
0.02131366 -0.0769337 -0.04059237
0.002834499 -0.01775805 -0.06547111
0.02263478 -3.843941E-05 -0.04730433
0.06194085 0.02378569 -0.01491451
0.03551638 0.02449422 -0.03570163
0.03031961 0.02375927 -0.03727067
0.02521117 -0.03658617 -0.0403375
0.06299423 -0.01487871 -0.01841807
0.01007761 -0.08698788 -0.04011017
0.02835046 -0.07912703 -0.02628517
0.03689799 -0.07336087 -0.01829332
0.02537059 0.02394471 -0.03754681
0.02078157 0.02474432 -0.0365231
0.01804369 0.02517319 -0.03522682
0.05916768 0.03427517 -0.02080548
0.02192797 0.02972009 -0.03726971
0.02687654 0.03119351 -0.03844011
0.03189824 0.03153604 -0.03820074
0.03702235 0.03072759 -0.03668624
0.0403196 0.02933448 -0.03462386
0.07060544 0.04291042 0.01242524
0.03918391 0.02550476 -0.03360999
0.02076986 -0.02221236 -0.0517804
0.0146888 -0.01276944 -0.06120732
0.00867642 -0.02201796 -0.05834544
0.03865456 -0.06332695 -0.02499014
0.03003496 -0.07025524 -0.0323469
0.01065922 -0.08082453 -0.04744333
0.0560338 -0.05588987 0.003341615
0.01838191 0.02732548 -0.03605026
0.009705851 0.01088585 -0.05788189
0.01979722 -0.08386034 -0.03452009
0.06810697 -0.02023208 0.0009972453
0.01242949 -0.03896003 -0.04901898
0.01325918 -0.04011088 -0.050219
0.01384848 -0.04202082 -0.05134559
0.01434663 -0.04520676 -0.050708
0.01601134 -0.05224422 -0.04699486
0.023292 -0.03194731 -0.04247862
0.0250864 -0.03133179 -0.04231542
0.02675883 -0.03044195 -0.0423941
0.03201385 -0.02796338 -0.04171914
0.05473444 -0.01734654 -0.03157336
0.009555966 0.01758589 -0.05157477
0.0124834 0.02956405 -0.03973752
0.0159317 0.02869906 -0.03719473
0.0218709 -0.03134954 -0.04180217
0.05564026 -0.03445199 -0.02233082
0.007856661 0.02913787 -0.0485422
0.01843718 -0.06009358 -0.04495442
0.0058981 0.01360902 -0.06248498
0.01357134 0.001518553 -0.05836409
0.008806544 -0.06415574 -0.04983544
0.03265961 -0.04501431 -0.03566056
0.02579274 -0.0123049 -0.04647672
0.0259077 -0.05359792 -0.03987491
0.04051593 -0.01141034 -0.04387683
0.03207813 -0.01803865 -0.04457265
0.04617734 -0.02120814 -0.03842014
0.01029131 -0.07314923 -0.05007905
0.01705103 -0.001219654 -0.05375504
0.03722243 -0.05293307 -0.03098297
0.0287612 -0.06136243 -0.03631288
0.03856251 -0.03596906 -0.03502494
0.0616679 -0.02702135 -0.01663661
0.04634802 -0.03992648 -0.02990735
0.06453944 -0.03468116 -0.002254426
0.03758848 -0.02440657 -0.04104334
0.01321741 0.007361745 -0.05330151
0.01316273 -0.01172935 -0.06902155
0.01698509 -0.01193187 -0.06187817
0.01073117 -0.008075884 -0.07344234
0.01704236 0.03378993 -0.04150188
0.0263853 0.03655624 -0.04266781
0.03447613 0.03724258 -0.04218948
0.04138392 0.0367043 -0.03950715
0.04637646 0.03469983 -0.03559625
0.05037103 0.02582616 -0.02586842
0.07025442 0.01042848 0.002395391
0.04554664 0.01809252 -0.03106171
0.03912929 0.01624662 -0.03505486
0.03116974 0.01572417 -0.03766698
0.02369334 0.01665428 -0.03876883
0.01806256 0.01844774 -0.03910482
0.01435771 0.02040054 -0.03944153
0.07223374 0.0104528 0.02622008
0.01694159 -0.01274903 -0.0586102
0.009737737 0.004869336 -0.06337252
0.00926003 -0.01269674 -0.07406887
0.006117304 -0.0154634 -0.07152343
0.009223723 -0.01346785 -0.07097235
0.01558312 -0.01416621 -0.05637056
0.005213905 -0.01620345 -0.07326278
0.004552036 -0.01713234 -0.06553218
0.01473266 0.02507704 -0.03623718
0.01154665 0.02360321 -0.04033673
0.009927224 0.02229739 -0.04509908
0.04236645 0.02834522 -0.0324735
0.04548932 0.02997903 -0.03207594
