-0.0005970756 -0.03716356 -0.05897734
-0.0008484498 -0.009344548 -0.07206169
-0.0007021371 -0.02094366 -0.05811055
-0.005345525 0.01041701 -0.06386854
-0.0008307723 -0.002446704 -0.07357207
-0.0007110285 0.005681366 -0.07098593
-0.000468649 0.0246977 -0.05577302
-0.04336701 0.02562369 -0.0332512
-0.0004084874 0.0409457 -0.05148201
-0.0003788248 0.04957365 -0.05279027
-0.0002595317 0.07988644 -0.0470504
-0.0005843155 -0.0410217 -0.05842386
-0.0005146703 -0.04446244 -0.05679967
-0.0004148483 -0.04667094 -0.05434003
-0.0002756743 -0.04644859 -0.05306211
-0.0003037713 -0.04922685 -0.05415067
-0.0002335571 -0.05239631 -0.05552709
-0.0001304541 -0.05676582 -0.0551028
0.0001476193 -0.06527852 -0.05048156
-0.0007504197 -0.01320949 -0.06935668
-0.006323921 -0.01534986 -0.06165525
-0.06708959 0.05482864 -0.006065592
-0.02434861 0.02075021 -0.03915374
-0.0302079 0.02003037 -0.03882977
-0.03625865 0.01983918 -0.03737591
-0.04518764 0.02340338 -0.03228375
-0.01985046 0.02214334 -0.03849825
-0.03351205 0.03690106 -0.04038939
-0.02708084 0.03644481 -0.04066484
-0.03955568 0.03585973 -0.0385098
-0.0436583 0.03362263 -0.03640452
-0.04981098 0.01849096 -0.02993757
-0.02253819 -0.07892948 -0.0438356
-0.04608144 0.02738926 -0.03135154
-0.07130516 0.02174513 -0.004890427
-0.05744504 0.02347343 -0.02419066
-0.02945353 -0.008834533 -0.0455313
-0.007796161 -0.03615522 -0.05820841
-0.006554476 -0.04462019 -0.0559791
-0.01512278 -0.03913887 -0.05514167
-0.01961257 -0.04294144 -0.05136141
-0.01185683 -0.04540905 -0.05388635
-0.01604351 -0.0473461 -0.05027691
-0.02783686 -0.05573577 -0.04306494
-0.005297282 -0.009121858 -0.071611
-0.005973049 -0.002511986 -0.07299553
-0.05219633 0.04141461 -0.03471649
-0.01769527 0.00922507 -0.04567778
-0.01915809 -0.01058166 -0.05778022
-0.01946464 -0.007257082 -0.05579792
-0.04673908 -0.008786649 -0.03846554
-0.005702242 0.004591234 -0.06934677
-0.03790174 0.04748788 -0.04472838
-0.04613559 0.04573231 -0.04015703
-0.05951975 0.06602395 -0.01697157
-0.01290654 0.04212061 -0.04982175
-0.02172232 0.03409059 -0.03910711
-0.03266917 -0.05004236 -0.04149999
-0.06764342 -0.05613713 0.007881001
-0.01533072 -0.0151455 -0.05601889
-0.01051729 -0.01763776 -0.05654152
-0.025914 -0.05085669 -0.04233441
-0.02275704 -0.04982714 -0.04383866
-0.04944174 0.0504164 -0.03735198
-0.01952555 -0.01426841 -0.05487563
-0.02719422 0.04680441 -0.04808198
-0.0279421 0.05229313 -0.0492923
-0.03300202 0.07789457 -0.0394934
-0.0539839 0.05803766 -0.02861653
-0.02979927 0.06489882 -0.04497109
-0.05621673 0.04482105 -0.02978463
-0.06128912 0.0491135 -0.01893665
-0.007301981 -0.04060654 -0.05780981
-0.01333719 -0.04284219 -0.05481975
-0.01781558 -0.04511024 -0.05125725
-0.01397873 -0.01687045 -0.05504863
-0.0242482 -0.05041067 -0.04322144
-0.02137814 -0.04993156 -0.04629689
-0.02204791 -0.04917535 -0.04387695
-0.01169049 -0.01069655 -0.06350742
-0.01474028 -0.0473856 -0.04915558
-0.01061293 -0.04693344 -0.05164784
-0.005721497 -0.04664995 -0.05360609
-0.007697081 -0.0649071 -0.05027077
-0.007459444 -0.05619991 -0.05478841
-0.007168024 -0.05187051 -0.05502093
-0.006714048 -0.04875933 -0.05353154
-0.006143482 -0.04650526 -0.05246626
-0.01570863 -0.04741505 -0.04856542
-0.01657127 -0.04802886 -0.04940237
-0.01791363 -0.04961987 -0.050179
-0.01923784 -0.05246432 -0.0494467
-0.02500283 -0.03482886 -0.04919267
-0.07603584 -0.0158148 0.01752913
-0.000825393 -0.0174995 -0.06196085
-0.018584 -0.04863255 -0.04587454
-0.01983622 -0.04900515 -0.04633346
-0.008401806 -0.02110154 -0.05669199
-0.01796743 -0.02006671 -0.05124585
-0.009432798 -0.01937082 -0.05683868
-0.02354779 0.004991785 -0.0436724
-0.03287008 -9.143353E-05 -0.04238331
-0.02055967 -0.01100518 -0.05285387
-0.04835931 0.07377063 -0.02895893
-0.04396924 0.06345771 -0.03709473
-0.03991443 0.05301324 -0.0437403
-0.02222246 -0.05911152 -0.04590687
-0.0144446 0.05062591 -0.05209285
-0.01576753 0.06479508 -0.04947151
-0.01759405 0.07966605 -0.04561022
-0.04181497 0.02086357 -0.0348471
-0.05646829 0.01316079 -0.02717346
-0.01722485 0.02338683 -0.03774439
-0.0501854 0.03213603 -0.03177354
-0.0136692 0.01365752 -0.04750971
-0.01529517 -0.006844848 -0.06317286
-0.0638532 0.007906027 -0.02093282
-0.05165392 0.008245222 -0.03230251
-0.04327291 0.00604032 -0.03756618
-0.03179111 0.00756336 -0.039813
-0.02369508 0.01083222 -0.04080363
-0.01789018 0.01420977 -0.04229167
-0.005899499 0.02278325 -0.05366135
-0.06273197 -0.007878803 -0.02307628
-0.05513678 0.03363545 -0.02920228
-0.003517852 -0.01303519 -0.06898516
-0.0174443 0.002256364 -0.04823957
-0.07629976 0.02223354 0.01433262
-0.01361243 0.01753327 -0.0432103
-0.02140607 -0.01296002 -0.0473832
-0.04777285 0.0270915 -0.03021476
-0.01554887 -0.002865121 -0.06079093
-0.07342056 -0.03576814 0.01421976
-0.01771191 0.02560831 -0.03639582
-0.01057402 0.001895241 -0.06603371
-0.05009308 -0.06831676 -0.02284653
-0.05055539 -0.08031732 -0.01319808
-0.07234806 -0.01243378 -0.003187299
-0.05848888 -0.05925764 -0.01530659
-0.06667643 0.03700432 -0.01027037
-0.02407434 -0.08844872 -0.04070656
-0.003185992 -0.01737637 -0.06159568
-0.02253165 -0.003083326 -0.04635362
-0.06329034 0.02208079 -0.01869704
-0.0362732 0.02369842 -0.03667076
-0.03063589 0.02354522 -0.03800367
-0.02309161 -0.05157791 -0.04543418
-0.06198632 -0.02354886 -0.02157021
-0.01274044 -0.1007026 -0.03960244
-0.03184136 -0.09377678 -0.02885327
-0.04027323 -0.08848393 -0.02219738
-0.0003205277 0.06451394 -0.05069007
0.0006570518 -0.1015074 -0.04099597
-0.02560788 0.02421428 -0.0382037
-0.02122116 0.02515141 -0.03735064
-0.01874935 0.02534976 -0.03636503
-0.06003179 0.03533955 -0.02347113
-0.02257372 0.03063272 -0.03816074
-0.02758264 0.03257904 -0.03902888
-0.03303231 0.03286052 -0.03869781
-0.03858611 0.03174721 -0.03739992
-0.04213407 0.02995542 -0.03572623
-0.07300317 0.04095768 0.005650669
-0.04038872 0.02450111 -0.03483348
-0.0006403048 -0.02638243 -0.05711527
-0.02016236 -0.02999599 -0.05196086
-0.0152697 -0.01336102 -0.05827674
-0.008771837 -0.02692693 -0.05668442
-0.0003726464 0.03299649 -0.05145304
-0.04148734 -0.07712445 -0.02862452
-0.03300834 -0.08312938 -0.03430587
-0.01303401 -0.09155871 -0.04600435
-0.05946879 -0.07091427 -0.002351329
-0.01926271 0.02760514 -0.03718622
-0.009748768 0.01232372 -0.05559912
0.0003944142 -0.0926024 -0.04715763
-0.02296503 -0.09779958 -0.03542092
-0.07004539 -0.0298546 -0.004514322
-0.01135129 -0.04681665 -0.05073655
-0.01224008 -0.04824431 -0.05179846
-0.01314276 -0.05071291 -0.05290291
-0.01393655 -0.054749 -0.05256513
-0.01564186 -0.06217651 -0.04882605
-0.01983693 -0.04866855 -0.0469794
-0.02174372 -0.04798136 -0.04694024
-0.023512 -0.04664037 -0.04688503
-0.02953498 -0.04179301 -0.04561892
-0.05207307 -0.02531721 -0.03299911
-0.00970838 0.01851754 -0.05015819
-0.01302343 0.03036887 -0.04050136
-0.01667948 0.02931952 -0.03835948
-0.018456 -0.04823259 -0.04613653
-0.05440529 -0.04550926 -0.02543505
-0.007825997 0.0314569 -0.04765758
-0.01919108 -0.0702098 -0.04599999
-0.000639189 0.01181498 -0.06574638
-0.005690712 0.01631833 -0.05964951
-0.0005533118 0.01780425 -0.06080483
-0.0139117 0.001921035 -0.055805
0.0002357103 -0.08307822 -0.04990773
0.0001577754 -0.0737402 -0.04983874
-0.009737087 -0.07336727 -0.04891054
-0.03384522 -0.05934003 -0.0398501
-0.02614789 -0.01860887 -0.04644133
-0.02712991 -0.06568956 -0.04275534
-0.03844395 -0.01743032 -0.04365599
-0.03112621 -0.02579449 -0.04572377
-0.04389072 -0.02981682 -0.03973304
-0.01196481 -0.08236815 -0.04862984
-0.01751962 -0.002563462 -0.05178274
-0.03941916 -0.06656735 -0.0346961
-0.03110615 -0.07380901 -0.03842971
-0.03876541 -0.05066788 -0.03880756
-0.06075969 -0.03699828 -0.02001894
-0.04626797 -0.05221453 -0.03334036
-0.06629621 -0.04596526 -0.007243574
-0.03561589 -0.03588011 -0.04351944
-0.01354693 0.007399626 -0.05154462
-0.01337295 -0.009251148 -0.06466033
-0.01749281 -0.0126375 -0.05859666
-0.01083442 -0.004381165 -0.06830426
-0.01776661 0.03608544 -0.04216354
-0.02710619 0.03983613 -0.04300375
-0.03524361 0.04059133 -0.04229368
-0.0422181 0.03974762 -0.03969973
-0.04724529 0.03714577 -0.03625458
-0.05161594 0.02548598 -0.02814774
-0.07282133 0.004955366 -0.003671899
-0.04612999 0.01551656 -0.03291659
-0.03938521 0.01373175 -0.03647324
-0.03120813 0.01424896 -0.03852345
-0.0238665 0.01619431 -0.03937563
-0.01857241 0.01832833 -0.03963314
-0.01494624 0.02018255 -0.03994077
-0.07654501 0.003478952 0.01776785
-0.01748276 -0.01516393 -0.05601695
-0.009791007 0.006813981 -0.06002279
-0.009262443 -0.008715644 -0.06895007
-0.006296573 -0.01240516 -0.06669545
-0.009322368 -0.01030606 -0.06627965
-0.01603007 -0.01793495 -0.05429855
-0.0052363 -0.01271579 -0.06818305
-0.005032022 -0.01660906 -0.06169292
-0.01559065 0.02502698 -0.03734526
-0.01203734 0.02372031 -0.04080206
-0.01020025 0.02278646 -0.04469824
-0.04430225 0.02854377 -0.03384866
-0.04691245 0.03118497 -0.03320558
0.004119427 0.01054188 -0.06392337
0.04344894 0.02572361 -0.03280063
0.004880787 -0.01530451 -0.0614374
0.06909301 0.05435085 -0.005046248
0.02485817 0.0211776 -0.03920455
0.03066224 0.02040631 -0.03880844
0.03665135 0.02017636 -0.03721283
0.04560403 0.02354169 -0.03187642
0.0202189 0.02253882 -0.03845306
0.0336851 0.03699701 -0.04017009
0.02743847 0.03663983 -0.04034656
0.03960034 0.03590235 -0.03818992
0.04373538 0.03364944 -0.03596833
0.05042884 0.01869844 -0.02926928
0.02360944 -0.07866542 -0.04296967
0.04624236 0.02741955 -0.03077078
0.07385476 0.02179447 -0.003196701
0.05835655 0.02351718 -0.023242
0.02942203 -0.008292548 -0.0448693
0.00675202 -0.03593206 -0.05803975
0.005788241 -0.0443894 -0.05587658
0.01443623 -0.03870695 -0.05484886
0.01923843 -0.04229537 -0.05103183
0.01139584 -0.04491867 -0.05374418
0.01576868 -0.04670289 -0.05002147
0.02826459 -0.05507466 -0.04217082
0.003734394 -0.009097464 -0.07144862
0.004481224 -0.002471976 -0.0728192
0.05214994 0.04127712 -0.03424534
0.01769963 0.009586848 -0.04546133
0.01824122 -0.01033092 -0.05725674
0.01875224 -0.007013246 -0.05530317
0.04719562 -0.008047268 -0.0375672
0.004306125 0.004710481 -0.06934625
0.03737475 0.04750204 -0.04408078
0.04575562 0.04559856 -0.03959277
0.06041769 0.06549148 -0.01651043
0.01224839 0.04228179 -0.04958029
0.02201987 0.03436457 -0.03888695
0.03281754 -0.04921392 -0.04061729
0.07358709 -0.05568689 0.01033384
0.01426123 -0.01500171 -0.0555158
0.009335425 -0.017607 -0.05593294
0.02581653 -0.04983932 -0.04184918
0.02290512 -0.04890264 -0.04338235
0.04912158 0.05016737 -0.03674294
0.01875987 -0.01401465 -0.05426773
0.02660333 0.04696401 -0.04744247
0.02731478 0.05237969 -0.04864116
0.03284504 0.07777177 -0.0392433
0.05423168 0.05766058 -0.02803464
0.02929501 0.06490832 -0.04458529
0.05638476 0.04459434 -0.02926308
0.06225077 0.0487724 -0.01818949
0.006371496 -0.04039311 -0.05767331
0.01269745 -0.04237664 -0.05463704
0.01742884 -0.04447804 -0.05095175
0.01287466 -0.01678815 -0.05444022
0.02422925 -0.04949066 -0.04270516
0.02142698 -0.04921165 -0.04571581
0.02236982 -0.0483377 -0.04342638
0.01044391 -0.01051784 -0.06339735
0.01471201 -0.04671403 -0.04893988
0.01031305 -0.0464422 -0.05153431
0.005154781 -0.04635589 -0.0535852
0.008150554 -0.06477572 -0.04987712
0.00734934 -0.05601533 -0.05451238
0.006843951 -0.05163802 -0.05483143
0.006276239 -0.04851316 -0.05340257
0.005751555 -0.04624595 -0.05239137
0.01578719 -0.04685687 -0.04819329
0.01663009 -0.04749379 -0.04892316
0.01799583 -0.04910237 -0.04957686
0.01934759 -0.05191265 -0.04881552
0.02463158 -0.03424132 -0.04856068
0.08160337 -0.01536443 0.02022079
0.01879493 -0.04783933 -0.04557385
0.01991391 -0.04825181 -0.04589029
0.007138666 -0.02096239 -0.05636033
0.01712925 -0.01986308 -0.05043542
0.008196481 -0.01928052 -0.05635677
0.02368174 0.005440265 -0.0433792
0.03304145 0.0005020946 -0.04182433
0.01993287 -0.0107526 -0.05225681
0.04860365 0.07333156 -0.028496
0.04374539 0.06319821 -0.03647812
0.03936073 0.05292476 -0.04309238
0.02275566 -0.05857509 -0.04521275
0.0137829 0.05073115 -0.05175582
0.01521674 0.06479515 -0.04924321
0.01730041 0.07957989 -0.04537392
0.04218369 0.02110741 -0.03453924
0.05734148 0.01340782 -0.02620836
0.01740788 0.023771 -0.03776033
0.05044509 0.03210824 -0.03132233
0.01348921 0.01395319 -0.04742801
0.01418536 -0.006671444 -0.06280375
0.0652454 0.008237503 -0.01969382
0.05217467 0.008673474 -0.03156245
0.04360357 0.00660228 -0.0370087
0.03207767 0.008134954 -0.03952628
0.02398684 0.01132396 -0.04063864
0.01808724 0.01457765 -0.04213701
0.005115941 0.02289702 -0.05365989
0.06412448 -0.007220075 -0.0217603
0.05558129 0.0335943 -0.02861694
0.002089466 -0.0129645 -0.06895977
0.01719538 0.002584375 -0.04799308
0.08063934 0.02235133 0.01655638
0.01354228 0.01783181 -0.04316041
0.02087015 -0.01269095 -0.04671812
0.04807176 0.02717291 -0.02966973
0.01468672 -0.002696723 -0.06041713
0.07933357 -0.03537759 0.01692915
0.01794308 0.02597697 -0.03647377
0.009465507 0.002061203 -0.0658772
0.05311336 -0.06770712 -0.02111764
0.05499964 -0.07979235 -0.01140639
0.07544874 -0.01194677 -0.001058921
0.06210739 -0.05857633 -0.01334323
0.06830899 0.0368391 -0.009129748
0.0255372 -0.08812806 -0.0398425
0.00152905 -0.01732612 -0.06148086
0.0224815 -0.002706431 -0.04587038
0.06468432 0.02216222 -0.01751584
0.03635825 0.02393888 -0.03646185
0.03083855 0.02387304 -0.0379658
0.02314557 -0.05080889 -0.04481578
0.06385753 -0.02273546 -0.01991118
0.01426353 -0.1005114 -0.03912483
0.03458474 -0.09332596 -0.02782275
0.04383167 -0.08798575 -0.02085841
0.02596011 0.02458177 -0.03820455
0.02153392 0.0255282 -0.03743863
0.01897355 0.02573359 -0.03649649
0.06085273 0.03524556 -0.02265453
0.02310124 0.03095279 -0.03813376
0.02826031 0.03284758 -0.03882124
0.03355757 0.03300991 -0.03840446
0.03892585 0.03178029 -0.03697135
0.04237366 0.02998108 -0.03521523
0.07595964 0.04075377 0.00724034
0.04040243 0.02465703 -0.03452662
0.01951432 -0.02959493 -0.05135052
0.01416604 -0.01325503 -0.05772024
0.007689645 -0.0267874 -0.05643328
0.04402184 -0.07673468 -0.02710298
0.03507244 -0.08285406 -0.03304666
0.01407637 -0.09136869 -0.04548155
0.06484438 -0.07030243 -0.0002735555
0.01956281 0.02794525 -0.03729711
0.009012216 0.01251298 -0.05551624
0.02496627 -0.09739602 -0.03470948
0.07367629 -0.02926932 -0.002244264
0.0111452 -0.04638266 -0.05051954
0.01205124 -0.04782651 -0.05149862
0.01303122 -0.05026455 -0.05254215
0.01389982 -0.05430496 -0.0521602
0.01620507 -0.06173308 -0.04832408
0.01983955 -0.04782304 -0.04662028
0.02161139 -0.04710414 -0.04657573
0.02335516 -0.04573993 -0.0464865
0.02939828 -0.04098792 -0.04494408
0.05324517 -0.02451442 -0.03161117
0.009193983 0.01871109 -0.05010909
0.01284371 0.03062556 -0.04034822
0.01680892 0.02967259 -0.03839456
0.0185964 -0.04738842 -0.04585543
0.05657026 -0.04479411 -0.02367945
0.007309821 0.03159127 -0.0475952
0.02005773 -0.06994456 -0.04524963
0.004737352 0.01640612 -0.05956334
0.01325531 0.002122827 -0.05550554
0.0102743 -0.07325666 -0.04846248
0.03480128 -0.05883479 -0.03861377
0.02583165 -0.01818947 -0.04559211
0.02819027 -0.06534189 -0.04169822
0.03867053 -0.01680045 -0.04261656
0.03100163 -0.02523148 -0.0448267
0.04458626 -0.02913162 -0.03847919
0.01266662 -0.08219841 -0.0481759
0.01710104 -0.002299696 -0.05137354
0.04105545 -0.06616715 -0.03323789
0.0325238 -0.07354361 -0.03719494
0.03941503 -0.04992962 -0.03766452
0.06320017 -0.03626962 -0.01811144
0.04791034 -0.05158651 -0.03180607
0.07019656 -0.04533942 -0.005051151
0.03581627 -0.03515024 -0.0425602
0.0130402 0.007662892 -0.05141802
0.01220681 -0.009078011 -0.06441493
0.01649548 -0.01248382 -0.05800323
0.009457147 -0.004239976 -0.06809875
0.01756525 0.03636355 -0.04197691
0.0269502 0.0398854 -0.04261479
0.03498119 0.04060746 -0.04183596
0.04191761 0.03972329 -0.03926319
0.04714786 0.03712649 -0.03581637
0.05220878 0.0255098 -0.02747037
0.07563174 0.005243786 -0.00179401
0.04659311 0.01584233 -0.0324008
0.03980315 0.01416038 -0.03608897
0.03163098 0.01472348 -0.03834839
0.02430779 0.01666065 -0.03928804
0.01888874 0.01869036 -0.03949405
0.01507218 0.02052319 -0.03985699
0.08170281 0.003884017 0.02021751
0.01656786 -0.01498226 -0.05538289
0.008735182 0.007012956 -0.05997561
0.007844813 -0.008624092 -0.0687298
0.005009443 -0.01236556 -0.06648339
0.008012074 -0.01021777 -0.06606923
0.01511504 -0.01779535 -0.05359422
0.003870648 -0.01266667 -0.06802055
0.003497013 -0.01659161 -0.06150046
0.01568069 0.02536353 -0.03728108
0.0119985 0.02398368 -0.0406999
0.009933838 0.02300486 -0.04457216
0.04449766 0.0285938 -0.03332572
0.04710785 0.03121129 -0.03270301
