-0.0004728017 -0.03502649 -0.0591121
5.564652E-05 -0.01143047 -0.07614511
1.241453E-05 -0.01954072 -0.05964145
-0.004651005 0.009555314 -0.06714436
7.616915E-05 -0.004685245 -0.07816428
6.068032E-05 0.003824575 -0.0754419
0.0001920201 0.02429208 -0.05806336
-0.04268562 0.02552473 -0.03207779
0.0001948662 0.03942077 -0.0535261
0.0002097059 0.0480047 -0.05490717
0.0001212377 0.08099306 -0.0479039
-0.0005749958 -0.03861026 -0.05825904
-0.0006466378 -0.04130983 -0.05628145
-0.0006744275 -0.04240842 -0.05341306
-0.0006973641 -0.04685951 -0.05231053
-0.0007374678 -0.04965213 -0.05351385
-0.0007951399 -0.05294183 -0.05511725
-0.000804984 -0.0572902 -0.05451226
-0.0007694578 -0.06531695 -0.04903194
-1.029857E-05 -0.01497936 -0.07292095
-0.00555528 -0.01514481 -0.0638212
-0.06606967 0.05414318 -0.001682669
-0.02505844 0.02027569 -0.03881699
-0.03084718 0.01971435 -0.03838369
-0.03658185 0.01989054 -0.036621
-0.04491828 0.0230908 -0.03101844
-0.02025512 0.0218899 -0.03814968
-0.03289723 0.03462974 -0.04108092
-0.02676001 0.03446326 -0.04099816
-0.03875123 0.03377692 -0.03889647
-0.04283771 0.03187217 -0.03623652
-0.04946552 0.0190087 -0.02777442
-0.02352078 -0.077261 -0.04009536
-0.04507934 0.02678257 -0.029937
-0.06956573 0.02245765 0.001038402
-0.05652111 0.0234036 -0.02121159
-0.03029198 -0.006944949 -0.0448243
-0.008560526 -0.03367265 -0.05825469
-0.007972451 -0.04104193 -0.05517825
-0.01714182 -0.03546866 -0.0540742
-0.02284911 -0.03804796 -0.04855683
-0.01428972 -0.04110174 -0.05220628
-0.01932312 -0.04180636 -0.04707828
-0.03066104 -0.05065279 -0.03781047
-0.004613876 -0.01116285 -0.07550868
-0.005257899 -0.004656488 -0.07735863
-0.05151691 0.03957443 -0.03440666
-0.01778956 0.009501481 -0.04583815
-0.01929025 -0.00971934 -0.0592511
-0.01974105 -0.006307667 -0.05711544
-0.04796091 -0.006187452 -0.03628466
-0.004982841 0.003082203 -0.07346255
-0.0369708 0.0453935 -0.04555869
-0.04532653 0.0436647 -0.04055861
-0.05871602 0.06544576 -0.01447931
-0.0119799 0.04043532 -0.05152136
-0.02144704 0.03290308 -0.03908342
-0.03553979 -0.04297134 -0.03628358
-0.06683762 -0.05062728 0.01792827
-0.01524586 -0.01375767 -0.05685216
-0.01011968 -0.01611528 -0.05748099
-0.03022353 -0.04318009 -0.03666234
-0.02723844 -0.04277284 -0.0383459
-0.04866912 0.04860827 -0.03735855
-0.01999755 -0.0126704 -0.0556576
-0.02612196 0.04487301 -0.04935285
-0.0270057 0.05047299 -0.05074909
-0.0329638 0.07847141 -0.03941309
-0.05321282 0.05704218 -0.02738062
-0.02921898 0.06489263 -0.04540628
-0.05541106 0.04321147 -0.02890053
-0.06037701 0.0481398 -0.01614138
-0.008399809 -0.03789514 -0.05742097
-0.01553389 -0.03886728 -0.05337343
-0.02106135 -0.03996369 -0.0482997
-0.01386234 -0.01511253 -0.0555777
-0.02875622 -0.04300034 -0.03755322
-0.02539247 -0.04533549 -0.04152182
-0.02634391 -0.0425681 -0.0385651
-0.01132682 -0.01120703 -0.06609923
-0.01823718 -0.04140226 -0.04598957
-0.01316661 -0.0416918 -0.04963082
-0.007338343 -0.04203267 -0.05245656
-0.009443372 -0.06477524 -0.04839978
-0.009051599 -0.05642246 -0.05381015
-0.008658746 -0.05209805 -0.05426329
-0.008143872 -0.04876659 -0.05253479
-0.007565077 -0.04644774 -0.05137807
-0.01891068 -0.04496043 -0.04514784
-0.01985125 -0.04567206 -0.04612672
-0.02124647 -0.04739615 -0.04697543
-0.02241168 -0.05003612 -0.04584995
-0.02721186 -0.03063011 -0.04649419
-0.07405066 -0.01238421 0.02744889
0.0001288624 -0.01719539 -0.06425291
-0.02237967 -0.04445426 -0.04122803
-0.02381301 -0.04454196 -0.04171669
-0.008009395 -0.01927939 -0.05778408
-0.0183615 -0.01717276 -0.05090007
-0.009005645 -0.01774397 -0.05785441
-0.02416985 0.005809905 -0.04346284
-0.03374234 0.001555962 -0.04158655
-0.02110367 -0.009374389 -0.05342397
-0.04800484 0.07361778 -0.02769771
-0.04326467 0.06282681 -0.03682929
-0.03899544 0.05122652 -0.04440907
-0.02490682 -0.05617145 -0.04163036
-0.01363822 0.04906686 -0.05400872
-0.01532125 0.06504544 -0.05029798
-0.01759271 0.08050366 -0.04616898
-0.04178358 0.02092778 -0.03374723
-0.05586544 0.01434216 -0.02408102
-0.01723985 0.02352316 -0.03733525
-0.04951589 0.03085189 -0.03061989
-0.01340733 0.01376165 -0.04825968
-0.01503156 -0.007178059 -0.06571949
-0.06291834 0.009396175 -0.01682436
-0.05143341 0.009985376 -0.02983677
-0.04360561 0.007794712 -0.03576791
-0.03244486 0.008656088 -0.03888381
-0.02417681 0.01124455 -0.0403423
-0.01795138 0.01430019 -0.04218435
-0.005320846 0.02250369 -0.05552134
-0.06259233 -0.004995333 -0.01855457
-0.05436669 0.03230969 -0.02762568
-0.002863948 -0.01465688 -0.07250845
-0.0176215 0.003126152 -0.0485796
-0.07416333 0.02329458 0.02244258
-0.01331829 0.01784352 -0.04331151
-0.02199898 -0.01022124 -0.04673204
-0.04700322 0.02637387 -0.02867427
-0.01544875 -0.003046202 -0.06311083
-0.07186022 -0.03139338 0.02440372
-0.01752375 0.02591215 -0.03575122
-0.01013509 0.0007471703 -0.06950957
-0.05054168 -0.06326785 -0.0154193
-0.05055825 -0.07448178 -0.004605174
-0.07078903 -0.00918805 0.004353613
-0.05892784 -0.05432487 -0.007602215
-0.06520171 0.03684169 -0.005674213
-0.02449547 -0.08575986 -0.03657818
-0.002229724 -0.016926 -0.06376091
-0.02322067 -0.001645878 -0.04611862
-0.06211235 0.0222381 -0.01479149
-0.03626218 0.02395607 -0.03595999
-0.03101332 0.02355215 -0.03760195
-0.02694354 -0.04670486 -0.04044536
-0.06262306 -0.0198602 -0.01624674
-0.01336294 -0.09653164 -0.03554603
-0.03201741 -0.08898544 -0.02225634
-0.0404293 -0.08316549 -0.01447669
0.0001824591 0.06475752 -0.05191058
-0.0008233152 -0.09751212 -0.03750944
-0.02610882 0.02395196 -0.03792453
-0.02160981 0.02493527 -0.03709
-0.01882411 0.02546367 -0.03584927
-0.05903152 0.03423419 -0.02109227
-0.02254431 0.02948316 -0.03807864
-0.02749731 0.03064364 -0.03924376
-0.03248645 0.03079434 -0.03890234
-0.03771619 0.02988649 -0.03727329
-0.041183 0.0285242 -0.03515428
-0.07113899 0.04110669 0.01194805
-0.04000141 0.02473001 -0.03388771
-0.000133696 -0.02468201 -0.05800715
-0.02136584 -0.02659486 -0.05075258
-0.01510534 -0.01260006 -0.05940223
-0.00888723 -0.02481142 -0.05725741
0.0001729196 0.03206729 -0.05334699
-0.04171922 -0.07254446 -0.02172178
-0.03329975 -0.07945065 -0.02870408
-0.01362717 -0.0894946 -0.04321575
-0.05916329 -0.06489995 0.007033974
-0.019068 0.0274773 -0.03677818
-0.009265663 0.01215253 -0.05734092
-0.0008171387 -0.09064332 -0.04485649
-0.02329435 -0.09348597 -0.03027087
-0.06921355 -0.02596365 0.003414065
-0.01365216 -0.04575707 -0.04860973
-0.01462344 -0.04735342 -0.04977301
-0.01556974 -0.05002755 -0.05092159
-0.01632311 -0.0540273 -0.05018818
-0.01808388 -0.06110097 -0.04578528
-0.02414457 -0.04206493 -0.04244646
-0.02595362 -0.04139873 -0.04237306
-0.02759742 -0.04024072 -0.04241675
-0.03256257 -0.03605876 -0.04136235
-0.0538437 -0.02208859 -0.02929011
-0.00919218 0.01855369 -0.05142057
-0.01255215 0.0303911 -0.04026467
-0.01634106 0.02914404 -0.03797579
-0.02267654 -0.04139061 -0.04176202
-0.05586614 -0.04118633 -0.01948667
-0.007305177 0.03082158 -0.04878879
-0.02092049 -0.06880108 -0.04257846
0.0001099529 0.01061055 -0.06935284
-0.005066935 0.01563823 -0.06199783
0.0001672823 0.01707428 -0.06351006
-0.01376557 0.00208554 -0.05724591
-0.0007735807 -0.08244623 -0.04834822
-0.0007682703 -0.07335974 -0.0485552
-0.01113979 -0.07277087 -0.04697317
-0.03526663 -0.05456804 -0.03438815
-0.02691776 -0.01566825 -0.0450463
-0.02866429 -0.06281839 -0.03808314
-0.03997149 -0.01490992 -0.04199746
-0.03256433 -0.02247138 -0.04331553
-0.04577661 -0.02639271 -0.03647295
-0.01292862 -0.08151519 -0.04649684
-0.01779126 -0.001629805 -0.05248219
-0.03997231 -0.06202722 -0.02866334
-0.03174788 -0.070476 -0.03340858
-0.04034269 -0.04485491 -0.03376061
-0.06178115 -0.03292614 -0.01385492
-0.0475743 -0.04765287 -0.02770904
-0.06594498 -0.04139833 0.0007977784
-0.03792629 -0.03109582 -0.03986427
-0.01329873 0.007718833 -0.05260286
-0.01312486 -0.009998566 -0.06735507
-0.01752459 -0.01191427 -0.06005195
-0.01026159 -0.005644487 -0.0718818
-0.01713616 0.03524006 -0.04220694
-0.02636737 0.03809967 -0.04328886
-0.03438331 0.0386128 -0.04277113
-0.04134672 0.03786185 -0.03996718
-0.0465486 0.03547871 -0.03591797
-0.05090566 0.02494147 -0.02602628
-0.07097498 0.006844852 0.003005594
-0.04602039 0.01627335 -0.03108111
-0.03964127 0.01452844 -0.03505871
-0.03180533 0.01456306 -0.03772885
-0.02445007 0.0160513 -0.03887978
-0.01876426 0.0182286 -0.03924456
-0.01482713 0.02042121 -0.03967935
-0.07447872 0.005666425 0.02700311
-0.01770805 -0.0137327 -0.05686468
-0.009235326 0.006480334 -0.0624975
-0.00873602 -0.01024109 -0.07239094
-0.005761 -0.0136416 -0.06975901
-0.00889603 -0.01143561 -0.06925592
-0.01629772 -0.01593644 -0.05463946
-0.00466327 -0.01420036 -0.07151952
-0.004187966 -0.01631183 -0.06379306
-0.01528546 0.02545607 -0.03673786
-0.01174323 0.02402688 -0.04063666
-0.009813922 0.02297279 -0.04521614
-0.04330629 0.02750381 -0.03293604
-0.0461949 0.02983348 -0.03242072
0.004897425 0.009541972 -0.06712145
0.04280624 0.02593874 -0.032011
0.005567381 -0.01512681 -0.06392151
0.06599337 0.05417361 -0.001773238
0.02489285 0.02034126 -0.0386534
0.03066464 0.01979898 -0.03822124
0.03643042 0.02000844 -0.03649166
0.0448387 0.02339945 -0.03096396
0.02022295 0.02199186 -0.03797832
0.0329373 0.0352568 -0.04090655
0.02677427 0.03499471 -0.04089212
0.03898384 0.03445003 -0.03874108
0.0431238 0.03249872 -0.03613964
0.04941768 0.01905026 -0.02778283
0.02190578 -0.07738352 -0.0402503
0.04527087 0.02728823 -0.0298793
0.06918044 0.02241666 0.0007030666
0.05644212 0.02355967 -0.02136013
0.02994788 -0.007174676 -0.04503942
0.007510813 -0.0337823 -0.05827922
0.00650386 -0.0411887 -0.05516082
0.01579519 -0.03571032 -0.05410475
0.02114534 -0.03843625 -0.04851884
0.01257172 -0.04135352 -0.05212194
0.01744017 -0.04216474 -0.0469951
0.02865775 -0.05107946 -0.03775734
0.004648386 -0.01119041 -0.07560754
0.005303942 -0.004700309 -0.07745588
0.05198184 0.04054076 -0.03431597
0.01778149 0.009479696 -0.04587489
0.01905426 -0.009886889 -0.05953693
0.0194814 -0.006479194 -0.05741513
0.04752331 -0.006567372 -0.03638986
0.005114019 0.003036043 -0.07344586
0.03760073 0.0465179 -0.04552156
0.04596205 0.04476841 -0.04049
0.05904634 0.0656715 -0.01446995
0.01230059 0.04086775 -0.05145848
0.0215357 0.0333211 -0.03900257
0.03365874 -0.04348308 -0.0361675
0.06469627 -0.05068727 0.01731589
0.01505719 -0.01383437 -0.05716822
0.01001201 -0.01615243 -0.05779165
0.02814491 -0.04363801 -0.0364677
0.0250371 -0.04321656 -0.03817981
0.04943924 0.04974529 -0.03732637
0.01961622 -0.01283569 -0.05600616
0.02660883 0.04569799 -0.04937735
0.02750815 0.05132654 -0.05080491
0.03332479 0.078733 -0.03936809
0.05378322 0.05767679 -0.02739829
0.02975689 0.06541252 -0.0454599
0.05591353 0.04410056 -0.02885565
0.06065626 0.04852206 -0.01616606
0.007112822 -0.03804137 -0.05740386
0.01400791 -0.03915356 -0.05334008
0.01923642 -0.04033892 -0.04825029
0.01367117 -0.01516076 -0.05589807
0.02660528 -0.04344393 -0.03740117
0.02323888 -0.04572238 -0.04143137
0.02409542 -0.04301141 -0.03837761
0.01120372 -0.01123588 -0.06616998
0.01623442 -0.04176909 -0.04586953
0.01144048 -0.04192574 -0.04951298
0.00580156 -0.04216068 -0.05236614
0.007843712 -0.06488954 -0.04840907
0.007318223 -0.05658337 -0.05371657
0.006960044 -0.05226287 -0.05413386
0.006560726 -0.04890439 -0.05240262
0.0060149 -0.04654925 -0.0512256
0.0169638 -0.0452523 -0.04502746
0.01787212 -0.0459563 -0.04605553
0.01917392 -0.0477103 -0.04693735
0.0203935 -0.05037597 -0.04581428
0.02606072 -0.0310588 -0.04661885
0.07277405 -0.01260289 0.02679312
0.02028743 -0.04482464 -0.04102585
0.02170773 -0.04492994 -0.04160169
0.007909806 -0.01935346 -0.05792886
0.01800131 -0.01728535 -0.05131975
0.00891423 -0.01779341 -0.0580911
0.02407318 0.005682526 -0.04349676
0.03353997 0.001345366 -0.0416055
0.02076438 -0.009552022 -0.05377641
0.04844056 0.07390178 -0.02770939
0.04393899 0.0635507 -0.03687853
0.03971487 0.05236281 -0.04437527
0.02301054 -0.05653575 -0.0415076
0.01401213 0.04950555 -0.05403692
0.01567669 0.06524711 -0.05038783
0.01776307 0.08062916 -0.04623866
0.04165246 0.02113357 -0.03365901
0.05574141 0.0141946 -0.02422529
0.01737379 0.02369812 -0.03713614
0.04970951 0.03141752 -0.03055176
0.01354334 0.0137859 -0.04823232
0.01492045 -0.007261993 -0.06593099
0.06260642 0.009205222 -0.01700231
0.0512988 0.009738933 -0.02990824
0.04342984 0.007528063 -0.03582251
0.0323284 0.008520225 -0.0388312
0.0241583 0.0111841 -0.04027882
0.01796397 0.01431817 -0.04213724
0.005673749 0.02254883 -0.0554865
0.06212946 -0.005360754 -0.01878348
0.05442487 0.03284641 -0.02759966
0.002795544 -0.01468418 -0.07251495
0.0176009 0.003039842 -0.04874429
0.07353713 0.02318597 0.0220094
0.01350494 0.01791342 -0.04321656
0.02178722 -0.01043521 -0.04711565
0.04714693 0.02687141 -0.02859247
0.0152906 -0.003175152 -0.06334117
0.07013265 -0.03149314 0.02372101
0.01767733 0.02617695 -0.03551558
0.01010301 0.0006921515 -0.06959069
0.04861578 -0.06325275 -0.01580128
0.04828039 -0.07418779 -0.005031109
0.07009929 -0.00941498 0.003850639
0.05703924 -0.05436023 -0.008099675
0.06513301 0.03694585 -0.005869627
0.02285142 -0.0857781 -0.03673258
0.00245712 -0.01693643 -0.06380627
0.02302832 -0.001809059 -0.04635972
0.06188916 0.02230799 -0.01495969
0.03628504 0.02417833 -0.0358285
0.03096464 0.02368289 -0.0374065
0.02482453 -0.04710344 -0.04035807
0.0617741 -0.0201877 -0.01662642
0.0117321 -0.09653706 -0.03560174
0.03020977 -0.08876038 -0.02243823
0.03838141 -0.08286633 -0.01471955
0.02605039 0.02405738 -0.03773203
0.02160824 0.02507718 -0.03680375
0.01895758 0.02565643 -0.03557152
0.0590678 0.03464644 -0.02109876
0.02245102 0.02992954 -0.03786403
0.02725204 0.03116141 -0.03908396
0.0323595 0.0314061 -0.03874815
0.03771744 0.03050919 -0.03715768
0.0412449 0.02908131 -0.03504279
0.0709208 0.04102469 0.01166168
0.0401004 0.02504903 -0.03377301
0.02053715 -0.0268776 -0.05092883
0.01494448 -0.01269496 -0.05972728
0.008418117 -0.02492598 -0.05734044
0.03986554 -0.07250318 -0.0220795
0.03149108 -0.07934225 -0.0289585
0.0120378 -0.08954249 -0.04328877
0.05689841 -0.06475548 0.00655061
0.01917253 0.02779322 -0.03649265
0.0095174 0.01214923 -0.05739263
0.02164197 -0.09340705 -0.0303494
0.06797227 -0.02610892 0.002813041
0.01193128 -0.04593143 -0.0484705
0.01285597 -0.04757299 -0.0496504
0.01373454 -0.05025777 -0.0507876
0.01450785 -0.05429615 -0.05004612
0.01629833 -0.0613464 -0.04561999
0.02196612 -0.04248128 -0.04232302
0.02387883 -0.04184052 -0.04222417
0.02558666 -0.04069202 -0.04229981
0.03100733 -0.03655707 -0.0413315
0.05291563 -0.02250261 -0.02953094
0.009488149 0.01860739 -0.05136389
0.01288161 0.03067341 -0.04026765
0.01653275 0.02946634 -0.03775463
0.02046134 -0.04182245 -0.04157034
0.05443035 -0.04149675 -0.01987702
0.007636352 0.03097319 -0.04878351
0.01918262 -0.06898677 -0.04257068
0.005339889 0.01563774 -0.06203839
0.01377856 0.002021147 -0.05746064
0.009554751 -0.07284909 -0.04709253
0.03350723 -0.05497918 -0.03438395
0.02643162 -0.01591883 -0.04538298
0.02685307 -0.06312129 -0.03809953
0.03931251 -0.01524823 -0.04219487
0.03174805 -0.02284607 -0.04350299
0.0447662 -0.02681538 -0.03661257
0.01138179 -0.08162681 -0.04655147
0.01765872 -0.001780277 -0.05278465
0.03830679 -0.06228838 -0.02883241
0.03004259 -0.07059306 -0.03359506
0.03874373 -0.04535888 -0.03365237
0.06046278 -0.03322373 -0.01435882
0.04597072 -0.04800938 -0.02787212
0.06432054 -0.04151119 0.0002249777
0.03659658 -0.03160752 -0.03991696
0.01340838 0.007700572 -0.05268884
0.01294419 -0.0100588 -0.06749141
0.01727432 -0.01203367 -0.06037754
0.01026643 -0.005689682 -0.07199386
0.01740491 0.03568991 -0.04218507
0.02666797 0.03876606 -0.04324326
0.03480666 0.0393789 -0.04263914
0.04183082 0.03863757 -0.03987592
0.04695672 0.03621601 -0.03586733
0.05091202 0.02525873 -0.02605909
0.07050291 0.006685209 0.002642393
0.04594436 0.01626431 -0.03106946
0.03951448 0.014463 -0.03501695
0.03165913 0.01452174 -0.03763339
0.02433283 0.01608373 -0.03878659
0.01873985 0.01830319 -0.03917375
0.01495573 0.0205462 -0.03958482
0.07355747 0.005493375 0.02654409
0.01739504 -0.01386011 -0.0571973
0.009437772 0.006452965 -0.06255478
0.008663965 -0.01025023 -0.07250127
0.005586604 -0.01360462 -0.06987342
0.00876588 -0.01141732 -0.06936258
0.01594791 -0.01602315 -0.05500501
0.004539227 -0.0141644 -0.07159486
0.004276739 -0.01629678 -0.06387934
0.01553724 0.02567358 -0.03660855
0.01198114 0.02417753 -0.04057088
0.01006784 0.02306463 -0.04515538
0.04343126 0.02805093 -0.03283638
0.04641778 0.03043067 -0.03237095
