-0.000184108 -0.0311405 -0.06074849
-0.0003133505 -0.01180999 -0.07439876
-0.0003310316 -0.01807635 -0.05977449
-0.004858059 0.008017885 -0.06522477
-0.0002674372 -0.00584818 -0.07602543
-0.0002187225 0.002067699 -0.07314119
-0.0001787553 0.02237119 -0.0561125
-0.04365668 0.0257125 -0.03252137
-0.0001762048 0.03730187 -0.05129501
-0.0001523956 0.045367 -0.0521822
-0.0002109599 0.07699337 -0.04397196
-0.000157462 -0.03410498 -0.06016499
-0.0001256573 -0.03639876 -0.05834416
-7.673958E-05 -0.03737039 -0.05576006
-0.000118956 -0.03693485 -0.0555256
-0.0001494372 -0.03912884 -0.05666015
-0.0001148586 -0.04197704 -0.05814376
-9.564171E-05 -0.04550325 -0.05770496
-9.654788E-05 -0.05336772 -0.0526976
-0.0003007096 -0.01483333 -0.07158831
-0.005243429 -0.01437108 -0.06344336
-0.07004119 0.05581237 -0.002719551
-0.02552989 0.01955094 -0.0390678
-0.0315805 0.01909921 -0.03865844
-0.03742588 0.01962373 -0.03696507
-0.04572201 0.02328445 -0.03167647
-0.02055463 0.02130131 -0.0382821
-0.0333381 0.03350803 -0.04045382
-0.02715461 0.03335804 -0.0404768
-0.03923997 0.03295191 -0.03846321
-0.04338861 0.03139851 -0.03611726
-0.05083651 0.01961233 -0.02893668
-0.02180699 -0.06630266 -0.04639077
-0.04598494 0.02726802 -0.03045627
-0.07318321 0.02536207 -0.002275854
-0.05860767 0.02471959 -0.02264354
-0.02932489 -0.006150513 -0.04629961
-0.006980862 -0.03019927 -0.05984339
-0.005978646 -0.03625852 -0.05739728
-0.01402458 -0.03198034 -0.05652937
-0.01868855 -0.03437223 -0.05247825
-0.01108089 -0.03653418 -0.05511725
-0.01526721 -0.03716069 -0.05125409
-0.02616916 -0.04396736 -0.04444253
-0.004696193 -0.01161392 -0.07388291
-0.005286511 -0.005840412 -0.07533905
-0.0534036 0.03959303 -0.03358984
-0.01758486 0.009277402 -0.04609835
-0.01777367 -0.009723264 -0.05913791
-0.01817993 -0.006487728 -0.05713508
-0.04784245 -0.005457745 -0.03854206
-0.005074139 0.001509351 -0.07130033
-0.03845733 0.04425479 -0.04377839
-0.0470487 0.04306282 -0.03908896
-0.06214505 0.06584453 -0.01392111
-0.01259532 0.03868547 -0.04936096
-0.02174497 0.03204541 -0.03877208
-0.03103058 -0.03847949 -0.04257137
-0.06861196 -0.04305933 0.009304136
-0.01384945 -0.01306007 -0.05711824
-0.00906381 -0.01502454 -0.05786169
-0.02443556 -0.038078 -0.04312259
-0.02159439 -0.03752005 -0.04475227
-0.05089448 0.04816359 -0.0358766
-0.01806949 -0.012261 -0.05603597
-0.02723031 0.04326442 -0.04732615
-0.02824428 0.04850253 -0.04830372
-0.03474165 0.07573982 -0.03641415
-0.05602691 0.05682372 -0.02646455
-0.03082087 0.06234718 -0.04277748
-0.0579015 0.04355684 -0.02822179
-0.06362471 0.04909728 -0.01642856
-0.006573783 -0.03372095 -0.05934304
-0.01234591 -0.03476593 -0.05614477
-0.01690985 -0.03584247 -0.05237091
-0.01242385 -0.01411877 -0.05600801
-0.02296066 -0.03782831 -0.04401502
-0.02013777 -0.03822489 -0.04778314
-0.02092995 -0.03725578 -0.04492697
-0.01061752 -0.01120837 -0.06517279
-0.0141661 -0.03682441 -0.05024728
-0.01004295 -0.0369455 -0.05281577
-0.00527829 -0.03716241 -0.05494058
-0.007425384 -0.0531581 -0.0523732
-0.006701238 -0.04511544 -0.05716667
-0.006421371 -0.04141663 -0.05746013
-0.006105903 -0.03866459 -0.05582726
-0.005658717 -0.03685155 -0.05468881
-0.0149648 -0.03690606 -0.05012137
-0.01568301 -0.03748257 -0.05118793
-0.0167453 -0.03895694 -0.05222225
-0.01783573 -0.04124473 -0.05137497
-0.02405706 -0.02784112 -0.05022216
-0.07767281 -0.006315713 0.02027586
-0.0003532069 -0.01614758 -0.06382927
-0.01778789 -0.03727766 -0.04711863
-0.01882417 -0.03741818 -0.04775476
-0.007158022 -0.01783124 -0.05818889
-0.01632576 -0.01595392 -0.05202413
-0.008039098 -0.01649574 -0.05818793
-0.02389443 0.005722675 -0.04422966
-0.03359757 0.001694395 -0.04271615
-0.01926897 -0.009064821 -0.05395749
-0.05070253 0.07241694 -0.02590615
-0.04562246 0.06143759 -0.03503776
-0.04078674 0.05002574 -0.04241368
-0.02109365 -0.04759848 -0.04768574
-0.01440498 0.04665251 -0.05134347
-0.01626709 0.06165482 -0.04732695
-0.01858347 0.07680193 -0.04258949
-0.04263533 0.02091487 -0.03425848
-0.05772182 0.01528069 -0.02591866
-0.01743552 0.02306252 -0.03734559
-0.05082399 0.03117715 -0.03084454
-0.01336396 0.01328577 -0.04796773
-0.0141337 -0.007676694 -0.06483838
-0.06521437 0.01113175 -0.01956522
-0.05276573 0.01038699 -0.03156486
-0.04431526 0.00776502 -0.03723314
-0.03279107 0.008562175 -0.03985128
-0.02434932 0.01107044 -0.04101884
-0.01798516 0.01401092 -0.04246667
-0.00563863 0.02096524 -0.05386865
-0.06400471 -0.003087034 -0.02210033
-0.05631598 0.03300072 -0.02789441
-0.002931855 -0.01451816 -0.07119802
-0.01691594 0.003098699 -0.04898492
-0.07866387 0.02756798 0.01780525
-0.013392 0.01744869 -0.04315788
-0.02015115 -0.009417628 -0.04807684
-0.04792459 0.02685286 -0.0292812
-0.0144277 -0.003768296 -0.06235987
-0.07466507 -0.02469906 0.01638484
-0.01758819 0.02564367 -0.03571719
-0.009755952 -0.0004693912 -0.06788066
-0.05013834 -0.05526742 -0.02334327
-0.05082297 -0.06508131 -0.01310822
-0.07357064 -0.004878622 -0.001049727
-0.0591364 -0.04726691 -0.01521751
-0.06878762 0.03885932 -0.00753957
-0.02330474 -0.07403476 -0.04329535
-0.002489502 -0.01589519 -0.06341016
-0.02221269 -0.001379975 -0.04710478
-0.06476702 0.02410769 -0.01676151
-0.03729581 0.02351852 -0.0362353
-0.03191138 0.02275388 -0.0377613
-0.02159766 -0.03962698 -0.04686034
-0.06317803 -0.01672223 -0.021092
-0.01251903 -0.08357231 -0.04226154
-0.03132924 -0.07736013 -0.02994445
-0.04009766 -0.07254017 -0.02266419
-0.0001940462 0.06111869 -0.04868704
-0.0001005363 -0.08432513 -0.04410794
-0.02676028 0.0231171 -0.03798479
-0.02203963 0.0242396 -0.03707382
-0.01908676 0.02500601 -0.0358257
-0.0616 0.03536433 -0.02174276
-0.02266968 0.02942102 -0.03777629
-0.02775983 0.0306577 -0.03876019
-0.03297691 0.03093797 -0.03846604
-0.03837634 0.03011987 -0.03700963
-0.04188323 0.02882548 -0.0351465
-0.07563957 0.04414419 0.009112567
-0.04106728 0.02462837 -0.03424266
-0.0002591647 -0.02218154 -0.05866587
-0.01875727 -0.0243545 -0.05298987
-0.01389848 -0.01216696 -0.05933812
-0.007760293 -0.02249524 -0.05817348
-0.0001733373 0.03017519 -0.05141479
-0.04087809 -0.06312404 -0.02980706
-0.03222204 -0.06883146 -0.03625369
-0.01260598 -0.0771047 -0.04933223
-0.06014372 -0.05641437 -0.00143677
-0.01913148 0.02731379 -0.0365544
-0.009298759 0.01119194 -0.05628711
-9.941682E-05 -0.07785948 -0.05085179
-0.02241138 -0.08108009 -0.03733978
-0.07105216 -0.02079669 -0.002964377
-0.01069111 -0.03674195 -0.05260614
-0.01143517 -0.03802775 -0.05383933
-0.01210435 -0.04022294 -0.05509201
-0.01274947 -0.04361436 -0.05462787
-0.01489339 -0.0507943 -0.05080816
-0.01903133 -0.03743876 -0.04783455
-0.02076422 -0.03702804 -0.04781857
-0.02242745 -0.03620425 -0.04781845
-0.02863355 -0.03263588 -0.04648796
-0.05327337 -0.01953967 -0.03334647
-0.00937408 0.01763294 -0.05045009
-0.0127827 0.02968575 -0.03981751
-0.01648885 0.0285352 -0.03761512
-0.01777803 -0.03678221 -0.04716313
-0.0551312 -0.03603528 -0.02571094
-0.007616192 0.0294613 -0.04741377
-0.01853041 -0.05852344 -0.04829657
-0.0001853784 0.008817988 -0.06723368
-0.005304599 0.01406084 -0.06024054
-0.0001911633 0.01529218 -0.0615457
-0.01314573 0.00160375 -0.05679649
-0.0001102528 -0.07014892 -0.0536876
-0.0001103957 -0.06137973 -0.05310395
-0.009505792 -0.06116017 -0.0519343
-0.03239539 -0.04779153 -0.04128394
-0.0249934 -0.01425928 -0.04703113
-0.02590864 -0.05417105 -0.04466996
-0.03888657 -0.01335498 -0.0444482
-0.03056064 -0.02028347 -0.04645321
-0.0444104 -0.02367155 -0.04051358
-0.01161135 -0.06962865 -0.05205551
-0.01663341 -0.001757418 -0.05277798
-0.03829046 -0.05412149 -0.0360463
-0.02993812 -0.06089731 -0.04052246
-0.03755905 -0.04006246 -0.03994173
-0.06178576 -0.02843071 -0.01984411
-0.04592206 -0.04209522 -0.03420138
-0.06705234 -0.03515306 -0.006433845
-0.03533891 -0.02837587 -0.04425371
-0.01299161 0.007319151 -0.05228889
-0.01230473 -0.01027089 -0.06630853
-0.01610205 -0.0116962 -0.05996913
-0.009909322 -0.006477525 -0.07029176
-0.01760772 0.03421273 -0.04145291
-0.02710461 0.03687498 -0.04234022
-0.03524614 0.03739621 -0.04179639
-0.04229644 0.03703665 -0.03926572
-0.04761798 0.03514086 -0.0356009
-0.05238467 0.02578713 -0.02693576
-0.07436018 0.01043085 -0.001304835
-0.0471339 0.01659289 -0.03217742
-0.04052407 0.01455449 -0.03593406
-0.03240549 0.0143259 -0.03841266
-0.02479605 0.01568849 -0.03944358
-0.01892733 0.01786622 -0.03954336
-0.01492333 0.02006852 -0.03978425
-0.07863412 0.0109042 0.02105641
-0.01602381 -0.01319077 -0.05713683
-0.009187521 0.00548414 -0.06122023
-0.008424504 -0.01063205 -0.07097024
-0.005451347 -0.01343446 -0.06876341
-0.008429527 -0.01150791 -0.068147
-0.01447864 -0.01497258 -0.05526182
-0.004540647 -0.01404851 -0.07037145
-0.004128665 -0.01535854 -0.06344733
-0.01540903 0.02506705 -0.03667188
-0.01180286 0.02347798 -0.04037258
-0.009914119 0.0222191 -0.04456508
-0.04407432 0.0279122 -0.03310731
-0.04697535 0.02985919 -0.03269824
0.00448707 0.008027372 -0.06529126
0.04371547 0.02579039 -0.0323616
0.004651735 -0.01437091 -0.06343302
0.07069968 0.05582367 -0.002224475
0.02576123 0.01964825 -0.03916323
0.03176182 0.01915377 -0.03872564
0.0376061 0.01968466 -0.03694779
0.04589909 0.02332701 -0.03158122
0.02075754 0.0214016 -0.03832069
0.03345783 0.03360322 -0.04048824
0.02733016 0.03345156 -0.04045239
0.03932698 0.03302429 -0.038445
0.04349855 0.03147756 -0.03601775
0.05101971 0.01966199 -0.02869746
0.02192279 -0.06638323 -0.04633561
0.04607268 0.02737004 -0.03026715
0.07400303 0.02542991 -0.001594931
0.05887924 0.02473943 -0.02228522
0.02932492 -0.006096643 -0.0461857
0.006808294 -0.03022371 -0.05996087
0.005977641 -0.03629519 -0.05753371
0.01412843 -0.03208112 -0.0567174
0.019005 -0.03447306 -0.05274528
0.01127923 -0.03658604 -0.05536988
0.01564607 -0.03720636 -0.05154261
0.02664188 -0.04399242 -0.04456753
0.004138176 -0.01159348 -0.07385069
0.004833925 -0.005863986 -0.07529044
0.05353367 0.0396271 -0.03335068
0.01754999 0.009346764 -0.04615682
0.01746978 -0.009702797 -0.05913338
0.01796027 -0.006478497 -0.05713138
0.04797499 -0.005343365 -0.03834882
0.004670382 0.001504679 -0.0713411
0.0383527 0.04446374 -0.0435248
0.04704939 0.04317196 -0.03881523
0.06250133 0.0658209 -0.01354316
0.01237243 0.0388463 -0.04925308
0.02189574 0.03215139 -0.03879264
0.03154762 -0.03850962 -0.042705
0.07030699 -0.04298288 0.01000106
0.01344981 -0.01304676 -0.05710033
0.008600852 -0.01499993 -0.05771917
0.02489877 -0.03810842 -0.04343912
0.02222966 -0.03752002 -0.04504427
0.05093238 0.04824381 -0.03556621
0.01783933 -0.01223442 -0.05600825
0.02706517 0.04348434 -0.04709595
0.02806538 0.04872344 -0.04805154
0.03456157 0.07572659 -0.03624707
0.05622318 0.05686399 -0.02610672
0.03060161 0.06244661 -0.04260904
0.0580801 0.0436043 -0.02793956
0.06402218 0.04913643 -0.01600513
0.006494778 -0.0337619 -0.05946484
0.01250405 -0.03486156 -0.05639178
0.01724212 -0.0359406 -0.05265576
0.01200046 -0.01411722 -0.05591291
0.02348604 -0.03783936 -0.04428929
0.02057139 -0.03824358 -0.04801902
0.02168058 -0.03724273 -0.04520372
0.01016783 -0.01121659 -0.065281
0.01465469 -0.03684901 -0.05054152
0.01027612 -0.03696415 -0.05307615
0.005361234 -0.03716062 -0.05510977
0.007360153 -0.05314354 -0.05240732
0.006657528 -0.045103 -0.05731264
0.006336189 -0.0414206 -0.0576553
0.005961133 -0.03867854 -0.05604637
0.005552364 -0.03684894 -0.05490422
0.01528402 -0.03693838 -0.05037796
0.01601146 -0.0374827 -0.05141407
0.01707708 -0.03894347 -0.05239606
0.01814771 -0.04122306 -0.05155393
0.02425992 -0.02788369 -0.0502989
0.07926447 -0.006152631 0.02122313
0.01828969 -0.0372912 -0.04743281
0.01928572 -0.03742286 -0.04803166
0.006643498 -0.01782073 -0.0581792
0.01606608 -0.01590909 -0.05189198
0.007560911 -0.01647848 -0.05809611
0.02387394 0.005781242 -0.04426539
0.03361133 0.001776091 -0.04262403
0.01908292 -0.009052298 -0.05392569
0.05075504 0.07238653 -0.0256249
0.04560844 0.06153497 -0.03469297
0.04069147 0.05020013 -0.04211274
0.02146198 -0.04761481 -0.04784328
0.01415205 0.04681993 -0.05117968
0.01594728 0.0617306 -0.047216
0.01825714 0.07678194 -0.04244736
0.04277593 0.02096231 -0.03420353
0.05798066 0.0153145 -0.02557614
0.01758882 0.02316004 -0.03744227
0.05096716 0.03120437 -0.03065357
0.01332225 0.01333835 -0.04806
0.01377755 -0.007674894 -0.0648441
0.06558747 0.01118466 -0.01911885
0.05293949 0.0104225 -0.03134215
0.04442408 0.0078309 -0.03712314
0.0328542 0.00864729 -0.03984624
0.02442395 0.0111369 -0.04107979
0.01805172 0.01409088 -0.04252863
0.005346077 0.02100444 -0.05389467
0.06438664 -0.00303016 -0.02171111
0.05652459 0.03300217 -0.02765504
0.002374056 -0.014524 -0.0712184
0.01678591 0.003126738 -0.04905859
0.07996199 0.02780619 0.01862445
0.01338056 0.01753698 -0.0432407
0.0199571 -0.009422367 -0.04798868
0.04802021 0.02693084 -0.02910799
0.01415628 -0.003779641 -0.06234357
0.0763585 -0.02457777 0.01728806
0.01775732 0.0257354 -0.03584167
0.009431526 -0.0004706001 -0.06790763
0.05111133 -0.05538986 -0.02296156
0.05211522 -0.06521393 -0.01270843
0.0743852 -0.00481128 -0.0003448129
0.06031831 -0.04727433 -0.01472011
0.06933229 0.03890996 -0.007018507
0.02344475 -0.07416771 -0.04325143
0.001750971 -0.01588336 -0.06339508
0.02215456 -0.001347399 -0.047097
0.06518936 0.02412169 -0.01629707
0.03734699 0.02358279 -0.03619671
0.03203575 0.0228287 -0.03778753
0.02201605 -0.0396492 -0.04709771
0.06370554 -0.01667409 -0.02067021
0.01241793 -0.08364031 -0.04228583
0.03185063 -0.07752977 -0.02989513
0.04100635 -0.07272334 -0.02246097
0.02695353 0.02319871 -0.03806368
0.02221908 0.02432811 -0.03717145
0.01923813 0.02509272 -0.03595069
0.06195876 0.03536087 -0.02139688
0.0229242 0.02955688 -0.03787008
0.02803907 0.03080433 -0.03878343
0.03320818 0.03107763 -0.03844726
0.03854022 0.03025991 -0.03693917
0.04201879 0.02894251 -0.03502145
0.0765513 0.04425908 0.009782881
0.04109075 0.02472101 -0.03415251
0.01873758 -0.02436016 -0.05305183
0.01348741 -0.0121649 -0.05928293
0.007472634 -0.02252465 -0.05822942
0.04159121 -0.06330255 -0.02953586
0.03271126 -0.06904167 -0.03607389
0.01253192 -0.07712733 -0.04930907
0.06169078 -0.0564066 -0.0009448826
0.01931415 0.0273979 -0.03671521
0.009083474 0.01122299 -0.05631787
0.02255541 -0.08116724 -0.03735608
0.07208387 -0.02071728 -0.002269
0.01075466 -0.03675551 -0.05287957
0.0115041 -0.03802604 -0.05408904
0.01220498 -0.04020233 -0.05534729
0.01286052 -0.04356726 -0.05486226
0.01506067 -0.05077652 -0.0509893
0.01959896 -0.03745752 -0.04813513
0.02123506 -0.03706136 -0.04814884
0.02288584 -0.03625443 -0.04811454
0.02905237 -0.03267214 -0.04662055
0.0536707 -0.01951116 -0.03304183
0.00921583 0.01768995 -0.05049929
0.01274239 0.02981811 -0.03983137
0.01658646 0.0286536 -0.03772575
0.01846475 -0.03676819 -0.04747266
0.05587854 -0.03604039 -0.02531165
0.007391736 0.02953745 -0.04742679
0.0187318 -0.05860096 -0.04830101
0.004998696 0.01407337 -0.06024182
0.01294332 0.001624486 -0.05682021
0.009413421 -0.06119929 -0.05190888
0.03294415 -0.04783277 -0.04125702
0.02496244 -0.01422124 -0.04693767
0.02634405 -0.05425007 -0.04464751
0.03904615 -0.01329573 -0.04422405
0.03074219 -0.02025433 -0.04636493
0.04477103 -0.02365001 -0.04029128
0.01151154 -0.06965698 -0.05202669
0.01648024 -0.001746171 -0.05278826
0.0388636 -0.05424191 -0.03587225
0.03037959 -0.06103341 -0.04039961
0.038083 -0.04007946 -0.03997105
0.06254434 -0.02840563 -0.01936412
0.0466161 -0.0421454 -0.03396049
0.06823339 -0.03511477 -0.005827397
0.03576979 -0.02834396 -0.04422274
0.01281037 0.007347734 -0.05236542
0.01191758 -0.01027998 -0.06634781
0.0157592 -0.01169982 -0.05992186
0.009461554 -0.006496347 -0.07029971
0.01757043 0.03431959 -0.0414612
0.02711346 0.03697358 -0.04222187
0.03523373 0.03753248 -0.04165941
0.04229552 0.03711584 -0.03911102
0.04768451 0.03520181 -0.03542563
0.05258391 0.02579547 -0.02667448
0.07516127 0.01053068 -0.000669986
0.04727427 0.01665077 -0.03202227
0.04068179 0.01461138 -0.03584999
0.03256292 0.01439262 -0.03839859
0.02495828 0.0157735 -0.03951615
0.01906511 0.01796821 -0.03957483
0.01502662 0.02016393 -0.03984216
0.0801409 0.01112208 0.02193612
0.0157041 -0.0131683 -0.05707446
0.008857606 0.005498189 -0.06128222
0.007920148 -0.01063541 -0.07094851
0.004968408 -0.01344096 -0.06872448
0.00795678 -0.01150675 -0.06815785
0.01417604 -0.01494472 -0.05515
0.004012538 -0.01404326 -0.07033005
0.003461388 -0.01538554 -0.06342307
0.0155239 0.02517588 -0.03674808
0.01183098 0.02359148 -0.04041982
0.009841522 0.02230229 -0.04458287
0.0441868 0.02804157 -0.03295633
0.04712234 0.02994687 -0.03251418
