-0.0003029723 -0.03606091 -0.06116271
-0.0005059168 -0.01236789 -0.07658666
-0.0001121312 -0.01968526 -0.06057081
-0.005230241 0.00840924 -0.06724596
-0.0005658045 -0.005933235 -0.07850125
-0.0005729795 0.002394113 -0.0756304
-0.0002020411 0.02328872 -0.05764118
-0.04288276 0.0255916 -0.03214231
-0.0001680702 0.03925021 -0.05259791
-0.0001823213 0.04787388 -0.05363286
-0.000123594 0.08035635 -0.04546279
-0.0003334135 -0.03970037 -0.06036946
-0.0003180336 -0.0425709 -0.05834308
-0.0002797116 -0.04381854 -0.05550647
-0.0002417378 -0.04649923 -0.05480143
-0.0002740137 -0.04953269 -0.05600345
-0.000331508 -0.05315721 -0.05759102
-0.0003018901 -0.05750181 -0.0569579
-0.0001484472 -0.06452084 -0.05129564
-0.0004731119 -0.01569444 -0.07343721
-0.005704436 -0.01541062 -0.06453747
-0.06472018 0.05568555 -0.0009838939
-0.02548936 0.01981087 -0.03901926
-0.03121249 0.01917219 -0.03858283
-0.03683113 0.01943112 -0.03678986
-0.04489652 0.02316916 -0.03120521
-0.02067493 0.02166343 -0.03821781
-0.03319513 0.03483386 -0.04088762
-0.02705091 0.0345909 -0.04075405
-0.03904884 0.03416717 -0.03871626
-0.04308507 0.03235213 -0.03608608
-0.04909249 0.01918111 -0.02812091
-0.02224353 -0.07510384 -0.04294717
-0.04512892 0.02718536 -0.02995828
-0.06755382 0.02460842 0.0004720092
-0.05580049 0.02435597 -0.02142528
-0.02968832 -0.007669362 -0.0458827
-0.007890904 -0.03477401 -0.06032044
-0.007000206 -0.04243861 -0.05735946
-0.01583966 -0.03691582 -0.05641642
-0.02096117 -0.03971558 -0.05138835
-0.01282917 -0.04268448 -0.05467224
-0.01738165 -0.04338108 -0.0499551
-0.02850828 -0.05137001 -0.04138762
-0.005123958 -0.01210931 -0.07599682
-0.005920329 -0.006021329 -0.07774532
-0.05169984 0.04067929 -0.03374699
-0.01792861 0.00888075 -0.04630935
-0.01925671 -0.01059771 -0.06006506
-0.01976971 -0.007289964 -0.05794144
-0.04670741 -0.006938112 -0.03744662
-0.005642315 0.00174206 -0.07369167
-0.03767787 0.04623139 -0.04453102
-0.04583978 0.04468533 -0.03959423
-0.05815595 0.06641869 -0.01312408
-0.01263997 0.04063446 -0.05056009
-0.021704 0.0330419 -0.03890565
-0.03308436 -0.04420922 -0.03968009
-0.06269493 -0.04484598 0.01565132
-0.01507962 -0.01420982 -0.05771637
-0.009989144 -0.01652601 -0.05836526
-0.02732909 -0.04466035 -0.04032454
-0.02450302 -0.04414026 -0.04205501
-0.04908775 0.04980712 -0.03630447
-0.01971429 -0.01363439 -0.05662832
-0.02692761 0.04543385 -0.04836643
-0.02783726 0.05089072 -0.04955465
-0.03336187 0.07825915 -0.03729481
-0.05322858 0.05796146 -0.02624118
-0.02983739 0.06483737 -0.04374883
-0.05536525 0.0445363 -0.02815688
-0.05971739 0.04953502 -0.01539698
-0.007584906 -0.03910992 -0.05958188
-0.01415001 -0.04035443 -0.05584028
-0.01916618 -0.04160356 -0.05120045
-0.01360495 -0.01556544 -0.05642942
-0.02590008 -0.0444914 -0.04124948
-0.02301344 -0.04614747 -0.04526064
-0.02372588 -0.04376112 -0.04226041
-0.01155811 -0.01171306 -0.06666425
-0.01624169 -0.04303486 -0.04889587
-0.01160546 -0.04329445 -0.05214605
-0.006271158 -0.04353146 -0.05468023
-0.008425759 -0.06408642 -0.05081049
-0.008160487 -0.0567256 -0.05639601
-0.007774135 -0.05239074 -0.05687088
-0.007206249 -0.04868502 -0.05516306
-0.00661977 -0.04616382 -0.0539909
-0.01706861 -0.0451635 -0.04834506
-0.01799851 -0.04603809 -0.04939869
-0.01941539 -0.04795023 -0.05035841
-0.02058669 -0.05053907 -0.04926851
-0.02560911 -0.03166849 -0.0490641
-0.07032074 -0.007473727 0.02602845
-0.0001553204 -0.01726528 -0.06495559
-0.02016532 -0.04490179 -0.04475132
-0.02148419 -0.04523453 -0.04535562
-0.007885603 -0.01966872 -0.05886996
-0.01778853 -0.01791848 -0.05207613
-0.008888749 -0.01815319 -0.05878296
-0.02411718 0.005114769 -0.04412419
-0.03330516 0.0007027285 -0.04232523
-0.02087768 -0.01030745 -0.0543983
-0.04804863 0.07394629 -0.02600312
-0.04371992 0.06331286 -0.0354327
-0.03971635 0.05206813 -0.04321092
-0.02307817 -0.05619896 -0.0449883
-0.01434364 0.0491356 -0.05281192
-0.01585287 0.06450122 -0.04854944
-0.01801352 0.0798942 -0.04388535
-0.04189136 0.02069444 -0.03392196
-0.05506331 0.01462642 -0.02465716
-0.01761349 0.02355069 -0.03731585
-0.04949257 0.03167137 -0.03043786
-0.01368064 0.01315882 -0.04854926
-0.01533645 -0.008040684 -0.06631175
-0.06154262 0.01027484 -0.01768023
-0.05086242 0.009629088 -0.03058437
-0.04326095 0.006958605 -0.03659335
-0.03235325 0.007930131 -0.03954279
-0.02431788 0.01070446 -0.04088446
-0.01818017 0.01382251 -0.04253182
-0.005729052 0.02166439 -0.05517313
-0.06071119 -0.004255704 -0.01987395
-0.05411543 0.03331367 -0.02736768
-0.003263894 -0.0154019 -0.07306939
-0.01764647 0.002511471 -0.04927465
-0.07124709 0.02660622 0.02184898
-0.01359141 0.0174989 -0.0434359
-0.02152907 -0.01084308 -0.04786155
-0.04698439 0.02694658 -0.02871817
-0.01579657 -0.004065576 -0.06369513
-0.06781758 -0.0259284 0.02260801
-0.01779215 0.0261306 -0.03562069
-0.01070683 -0.0004938552 -0.06988245
-0.04765443 -0.0599896 -0.01834854
-0.04745451 -0.06941248 -0.007362574
-0.06790477 -0.006060055 0.002941102
-0.05549077 -0.05061448 -0.01018855
-0.06382431 0.0385924 -0.005614996
-0.02313183 -0.08260621 -0.03940871
-0.002450686 -0.01699989 -0.06449142
-0.02296276 -0.002373532 -0.04703525
-0.06097315 0.02357078 -0.01510423
-0.03666806 0.02361678 -0.03605878
-0.03148632 0.02310123 -0.03769791
-0.02454816 -0.04756963 -0.04418904
-0.05996354 -0.01844054 -0.01804617
-0.01218468 -0.0926725 -0.03824237
-0.0301167 -0.08442184 -0.02506623
-0.03803061 -0.07840034 -0.01729867
-0.0001396649 0.06406847 -0.05006003
0.0001370683 -0.0937594 -0.04011708
-0.02657963 0.02354516 -0.03796294
-0.02206961 0.02473572 -0.03706491
-0.01920368 0.02555107 -0.03572276
-0.05842707 0.03551863 -0.02087846
-0.02277914 0.02927025 -0.03796816
-0.02771897 0.03023175 -0.03910747
-0.03269523 0.03042632 -0.03876624
-0.03789987 0.02968577 -0.03716549
-0.04132964 0.0285291 -0.03508601
-0.06896386 0.04347647 0.0119676
-0.04030807 0.02459893 -0.03396195
-0.0001393519 -0.02501069 -0.05932045
-0.02035102 -0.02757069 -0.05272749
-0.01506147 -0.01302688 -0.06008783
-0.00854833 -0.02548288 -0.05875784
-0.0001624934 0.03146233 -0.05269635
-0.03948466 -0.06923755 -0.02487719
-0.03152635 -0.07613973 -0.03175411
-0.01266171 -0.08676723 -0.04593009
-0.05544115 -0.05936137 0.004535794
-0.01932805 0.02753833 -0.03661606
-0.009690961 0.0113414 -0.05748567
-3.569201E-05 -0.0879992 -0.0475201
-0.02178301 -0.08927623 -0.03302747
-0.06584535 -0.02232878 0.001604348
-0.01225041 -0.04563429 -0.05147594
-0.01322852 -0.04741635 -0.05269548
-0.0142358 -0.05033949 -0.05392709
-0.01498928 -0.05430179 -0.05320874
-0.01662312 -0.06067283 -0.04870611
-0.0216622 -0.04366722 -0.04575509
-0.02345979 -0.04305214 -0.04573488
-0.02513809 -0.04195462 -0.04574111
-0.03034284 -0.03732969 -0.04440153
-0.05153601 -0.0218086 -0.03102589
-0.009567628 0.01791694 -0.0513837
-0.01287167 0.03050984 -0.03998381
-0.01660495 0.02930542 -0.03771693
-0.02025172 -0.04289512 -0.04509181
-0.05279293 -0.03937177 -0.02188945
-0.007676356 0.03049779 -0.04827553
-0.01960688 -0.06761853 -0.0454258
-0.000453705 0.009349016 -0.06938282
-0.005579022 0.0145898 -0.06184492
-0.0003026798 0.01598585 -0.06329921
-0.01406867 0.001278783 -0.05774036
-9.919703E-05 -0.08064497 -0.05092466
-0.000118643 -0.0721544 -0.0509524
-0.01020827 -0.07151376 -0.04953852
-0.03338142 -0.05439276 -0.03777963
-0.02618551 -0.01635902 -0.04641196
-0.0270854 -0.06205392 -0.04130334
-0.03864796 -0.01556478 -0.04336977
-0.03130792 -0.02315783 -0.04521236
-0.04376119 -0.02666904 -0.03843048
-0.01203307 -0.07962581 -0.04914293
-0.01785042 -0.002380033 -0.05324662
-0.03798399 -0.06039026 -0.03191283
-0.03013026 -0.06844303 -0.03653735
-0.03819256 -0.04523059 -0.03684667
-0.05863367 -0.03079235 -0.01603341
-0.04507177 -0.04670161 -0.03053051
-0.06235877 -0.03736647 -0.001463801
-0.03595623 -0.03213269 -0.04227418
-0.01356161 0.007065798 -0.05304667
-0.01339609 -0.01071608 -0.06789622
-0.01748194 -0.01262868 -0.06085241
-0.01077637 -0.006659427 -0.0723134
-0.01759087 0.03559187 -0.04177135
-0.02686922 0.03860449 -0.04270536
-0.03490162 0.03919013 -0.04219961
-0.04177409 0.03855301 -0.03949136
-0.04682033 0.03626778 -0.03552261
-0.05062277 0.02566437 -0.02612558
-0.06856778 0.009445948 0.001949161
-0.04584503 0.01609287 -0.03153178
-0.03964005 0.01402754 -0.03552133
-0.03199054 0.01400393 -0.03817427
-0.02475001 0.01560044 -0.03931659
-0.01908802 0.01794397 -0.03944728
-0.01513756 0.02025369 -0.03981555
-0.07110815 0.009846038 0.02599305
-0.01747534 -0.01449029 -0.05776101
-0.009724528 0.005555539 -0.06277215
-0.009158594 -0.01105306 -0.07288462
-0.006050497 -0.01430535 -0.07035244
-0.00919884 -0.01204548 -0.06979394
-0.01590415 -0.01667809 -0.05563101
-0.005018093 -0.01492775 -0.07210803
-0.004357466 -0.01649115 -0.06450921
-0.01556558 0.0256873 -0.03661391
-0.01202797 0.02394256 -0.04052225
-0.01011859 0.0226387 -0.04506201
-0.04340481 0.02770234 -0.03288504
-0.04630913 0.03044971 -0.03233537
0.004464749 0.008432542 -0.06712985
0.04321573 0.02576644 -0.03176045
0.005155066 -0.01537334 -0.06452891
0.06591132 0.05587399 -0.0003687739
0.02536635 0.01979095 -0.03861007
0.03112896 0.01919536 -0.03813457
0.03685598 0.01951588 -0.03633571
0.04518125 0.02328527 -0.0307619
0.02064899 0.02166455 -0.03791323
0.03308436 0.03510521 -0.0404751
0.0269336 0.03484464 -0.0404591
0.03911323 0.03446939 -0.03828898
0.04327858 0.03261286 -0.03568724
0.0496056 0.01922592 -0.02766106
0.02216499 -0.0750264 -0.04284871
0.04560147 0.02735411 -0.02955362
0.06884255 0.02479127 0.001055688
0.05652424 0.02451321 -0.02097201
0.02960412 -0.007677953 -0.04558617
0.007220037 -0.03479533 -0.06020406
0.006267302 -0.04247956 -0.05722001
0.0151386 -0.03692967 -0.05616203
0.02025845 -0.03979212 -0.05101684
0.01200647 -0.04272126 -0.05436194
0.01665562 -0.04344459 -0.04959878
0.02805831 -0.0514219 -0.04108417
0.004067156 -0.01213158 -0.076011
0.004733302 -0.00603016 -0.07775548
0.05201267 0.04122126 -0.03330103
0.01781152 0.008949933 -0.04606596
0.01864862 -0.01064427 -0.05996215
0.01917656 -0.007335153 -0.05783248
0.04686912 -0.007027277 -0.03689894
0.004593875 0.001729936 -0.07358956
0.03768368 0.04680415 -0.04436368
0.04601912 0.04524777 -0.03931415
0.05897598 0.06672218 -0.01265737
0.01232664 0.04087852 -0.05052301
0.02172057 0.03324824 -0.03867921
0.0327186 -0.04428775 -0.03923768
0.06401367 -0.04469277 0.01619068
0.01464412 -0.01421639 -0.05771741
0.009629356 -0.01648302 -0.05849886
0.02688897 -0.04472219 -0.03981781
0.02382705 -0.04420351 -0.04160446
0.04939003 0.05039916 -0.03600341
0.01914877 -0.01365793 -0.05657607
0.02674891 0.04585439 -0.04831165
0.02757604 0.05133288 -0.04950339
0.03335616 0.07850599 -0.03708577
0.05373817 0.05842004 -0.0258922
0.02981788 0.06516614 -0.04363489
0.05586973 0.04507087 -0.02770871
0.06059956 0.04985616 -0.01488355
0.006842181 -0.0391651 -0.05942523
0.01340814 -0.040411 -0.05554304
0.01840546 -0.04168707 -0.05084124
0.01322993 -0.01552648 -0.05648023
0.02534479 -0.04454754 -0.04078478
0.02230189 -0.04621026 -0.04489103
0.02296022 -0.04382799 -0.0417932
0.01074334 -0.0117083 -0.0665037
0.01541842 -0.0431145 -0.04851991
0.01087649 -0.04333298 -0.05183205
0.005596556 -0.04356211 -0.05448902
0.008046478 -0.06408335 -0.0507845
0.007440092 -0.05676811 -0.05623224
0.007041022 -0.05244323 -0.05667031
0.0065987 -0.04871149 -0.05494222
0.006038826 -0.04615663 -0.05374351
0.01637039 -0.0451792 -0.04801121
0.01724552 -0.04606529 -0.04910553
0.01857577 -0.0480018 -0.05010006
0.01986348 -0.05060898 -0.04902202
0.02516674 -0.03177071 -0.04878911
0.07227695 -0.007396554 0.02654558
0.01946518 -0.04493145 -0.04430628
0.02078434 -0.04529292 -0.04497996
0.007594384 -0.01965682 -0.05885676
0.01750429 -0.0178704 -0.05213952
0.008558298 -0.01811887 -0.05885518
0.02409543 0.005107298 -0.04380086
0.03337463 0.0007035276 -0.04190126
0.02041155 -0.01033364 -0.05431014
0.04841114 0.07424287 -0.02567571
0.04395076 0.06378145 -0.03522778
0.03978059 0.05266875 -0.0430156
0.02260724 -0.05624577 -0.04468367
0.0139558 0.0493551 -0.05283105
0.01561217 0.06463287 -0.04856008
0.01771646 0.08001485 -0.04387984
0.04204416 0.02080446 -0.03346404
0.05570431 0.01464812 -0.02416882
0.01773767 0.02360387 -0.03701243
0.04991061 0.03193955 -0.03000873
0.01352594 0.01322087 -0.04832298
0.01450685 -0.008060456 -0.06623095
0.06235254 0.01030981 -0.01705903
0.05132642 0.009602708 -0.03005084
0.04350306 0.006937047 -0.03610492
0.03248306 0.007953375 -0.03910026
0.02440876 0.0107203 -0.04052773
0.01815489 0.01387464 -0.0422776
0.005408738 0.02170828 -0.05510709
0.06147736 -0.004319324 -0.01919603
0.0545734 0.0336731 -0.02686879
0.002290282 -0.01541426 -0.07301426
0.01749122 0.002527638 -0.0490647
0.07316279 0.0268215 0.02249259
0.01362269 0.01756421 -0.04321173
0.02146645 -0.01088884 -0.04779312
0.04748239 0.02714695 -0.02826518
0.01499515 -0.004113962 -0.06361875
0.0695011 -0.02578442 0.02311268
0.01796971 0.02624222 -0.03529567
0.009703949 -0.0004944624 -0.06977308
0.0480817 -0.05974056 -0.01799017
0.04811132 -0.06897458 -0.006993294
0.06941335 -0.006040757 0.003542095
0.05612355 -0.05043832 -0.009750634
0.0649948 0.038802 -0.005042464
0.0232625 -0.08245964 -0.03927511
0.002130698 -0.01698594 -0.06448865
0.02284317 -0.002379286 -0.04680234
0.06183784 0.02374423 -0.01455313
0.03681603 0.0237005 -0.03564706
0.03148466 0.02311 -0.03725043
0.02392837 -0.04762672 -0.04383057
0.06069687 -0.01848824 -0.01742935
0.01249765 -0.09256893 -0.03814957
0.03066961 -0.08407486 -0.02474788
0.03861125 -0.0779703 -0.01692626
0.02654061 0.02351816 -0.03757477
0.02208495 0.02473875 -0.03666684
0.01936349 0.02559184 -0.03537363
0.05911052 0.03584896 -0.02030122
0.0226346 0.02949954 -0.03760365
0.02739972 0.0304584 -0.03875974
0.03251971 0.0307083 -0.03838038
0.0378939 0.02994386 -0.03677985
0.04146764 0.0287337 -0.03468612
0.0706608 0.04365513 0.0125868
0.04056529 0.02473157 -0.03355116
0.01989435 -0.02761004 -0.05255926
0.01452344 -0.01306556 -0.06011936
0.008130468 -0.02551307 -0.05868071
0.03982084 -0.06898852 -0.02464685
0.03173285 -0.07585794 -0.03157324
0.01263247 -0.08669755 -0.04586938
0.05643974 -0.05904571 0.005051374
0.01941438 0.02768986 -0.03623062
0.009296989 0.01137549 -0.05737936
0.02222776 -0.08907407 -0.03278583
0.06708075 -0.02223503 0.002164245
0.01162377 -0.04562583 -0.05116868
0.01254161 -0.04744186 -0.05240402
0.01347386 -0.05036541 -0.05363575
0.01430366 -0.05435967 -0.05293125
0.01613235 -0.06067389 -0.04844585
0.02087137 -0.04373126 -0.04533395
0.02276786 -0.0431302 -0.04526451
0.02445972 -0.04202158 -0.04528794
0.02991373 -0.03742237 -0.04397905
0.05175817 -0.02191797 -0.03049266
0.009377416 0.0179837 -0.05122006
0.01303729 0.03066775 -0.03989467
0.01674281 0.02947621 -0.03740904
0.01940365 -0.04298355 -0.04462284
0.05321342 -0.03940777 -0.02141729
0.00751384 0.03058299 -0.04822952
0.01928793 -0.06756442 -0.04528737
0.004994288 0.0146131 -0.06181142
0.01359025 0.001284289 -0.05765909
0.009920262 -0.0714907 -0.04954183
0.03318198 -0.05441364 -0.03749281
0.02606458 -0.01635818 -0.04628384
0.02679266 -0.06202129 -0.04113889
0.03853593 -0.01563692 -0.04301888
0.03110191 -0.02323431 -0.0449442
0.04370071 -0.02678084 -0.03803042
0.0118349 -0.07961993 -0.04906088
0.01749572 -0.002411022 -0.05315205
0.03810464 -0.06032805 -0.03165001
0.03016308 -0.06829721 -0.03641257
0.0380531 -0.0453117 -0.03638119
0.05921991 -0.0308348 -0.01552808
0.04512957 -0.04673072 -0.03014106
0.06335589 -0.03727061 -0.0008893311
0.03562403 -0.03225642 -0.04189628
0.0132861 0.00712211 -0.05286863
0.01247299 -0.01072411 -0.06777623
0.0168365 -0.01265017 -0.06083554
0.0097805 -0.006650328 -0.07222798
0.0176249 0.03584902 -0.04163682
0.02689933 0.03892928 -0.04254979
0.03495267 0.03955 -0.04191726
0.04193536 0.03893255 -0.03917921
0.04709518 0.03661782 -0.03517643
0.05118947 0.0258156 -0.02570045
0.0700226 0.009531553 0.00262931
0.04622145 0.01612987 -0.03106505
0.03984888 0.01406957 -0.03507379
0.03204662 0.01401163 -0.03776503
0.02472478 0.01563005 -0.03894755
0.01906976 0.01797468 -0.03921977
0.01520411 0.02033029 -0.03959626
0.07313693 0.01000149 0.0266721
0.01694651 -0.01450412 -0.05773678
0.009139951 0.005582181 -0.06263992
0.008116206 -0.01103195 -0.07283506
0.00506868 -0.01425486 -0.07036582
0.008247834 -0.01201369 -0.06972641
0.01545293 -0.01663641 -0.05567345
0.004008837 -0.01488272 -0.07210299
0.003903728 -0.01645575 -0.06451902
0.01580592 0.02576246 -0.03639266
0.01212718 0.02401567 -0.04037073
0.01008266 0.02269557 -0.04493731
0.04370426 0.02790316 -0.03249168
0.04664612 0.03067986 -0.0319739
