-0.0002430687 -0.0354331 -0.05984569
0.0002402058 -0.01236445 -0.07671458
0.0001114514 -0.02007555 -0.06023017
-0.004598839 0.008917358 -0.06744435
0.000277617 -0.005660793 -0.07869554
0.0002530804 0.002974559 -0.07586789
0.0002907291 0.02390857 -0.05800617
-0.0427968 0.02557834 -0.03178886
0.0002819644 0.03957622 -0.0530909
0.0003226893 0.04824042 -0.05429661
0.0002945503 0.08066422 -0.04692647
-0.0003304956 -0.03897951 -0.05897227
-0.0003987979 -0.0416294 -0.05698362
-0.0004395219 -0.04262763 -0.05409688
-0.0004907679 -0.04501865 -0.05335113
-0.0005111638 -0.04773128 -0.05459881
-0.0005643955 -0.0509737 -0.05634582
-0.000592391 -0.0551051 -0.05599526
-0.0006152941 -0.06277143 -0.05091432
0.0001527304 -0.01582053 -0.07349068
-0.005620479 -0.01582745 -0.06436521
-0.06522509 0.05422892 -0.0009751618
-0.02507669 0.02034329 -0.03872842
-0.03085319 0.0197636 -0.0382517
-0.03660088 0.01992076 -0.03643173
-0.04493856 0.02328018 -0.03076389
-0.02031196 0.02193161 -0.03799844
-0.03319047 0.03496683 -0.04067829
-0.02701247 0.03473028 -0.04061377
-0.03904963 0.03413852 -0.03846604
-0.04309823 0.0322158 -0.03581125
-0.04932358 0.01926864 -0.02757519
-0.02325168 -0.07460796 -0.04179126
-0.04520024 0.02696264 -0.02963394
-0.06850855 0.02322166 0.00130564
-0.0562381 0.02389446 -0.02091703
-0.03031313 -0.00695038 -0.04526535
-0.008401141 -0.03408746 -0.05897605
-0.007746308 -0.0413711 -0.05586937
-0.01702861 -0.03581677 -0.05479643
-0.02267672 -0.03819536 -0.04934922
-0.01412093 -0.04136594 -0.05290735
-0.01914876 -0.04190318 -0.04784605
-0.03034829 -0.04949426 -0.0389089
-0.004531158 -0.01209041 -0.07608733
-0.00518853 -0.0056186 -0.07788885
-0.05167094 0.04017518 -0.0338307
-0.01788238 0.00941286 -0.04600209
-0.01953953 -0.01029208 -0.05973306
-0.01997564 -0.006812712 -0.05756959
-0.04777735 -0.005857455 -0.03650656
-0.004922997 0.002252769 -0.07387567
-0.03743459 0.04599801 -0.0449228
-0.04569268 0.04428303 -0.03990257
-0.05837911 0.06532056 -0.01354212
-0.01222234 0.04078031 -0.05101848
-0.02164922 0.03306423 -0.03875652
-0.03528922 -0.04239617 -0.03716198
-0.06520558 -0.04684289 0.01751146
-0.01546015 -0.01427893 -0.05739579
-0.01028681 -0.01666105 -0.05801064
-0.02988112 -0.04270854 -0.03757399
-0.02693954 -0.0423248 -0.03928438
-0.04896718 0.04922483 -0.03662431
-0.0202367 -0.0131344 -0.05616167
-0.02658396 0.04540579 -0.04875126
-0.02746741 0.05098501 -0.05005905
-0.03314464 0.07822736 -0.03835839
-0.05325426 0.05725999 -0.02654362
-0.0295373 0.06489669 -0.04452598
-0.05542167 0.04382284 -0.02825189
-0.05999837 0.04847079 -0.01542896
-0.008199877 -0.03828132 -0.05814469
-0.01538471 -0.03918432 -0.05409569
-0.02087216 -0.04011614 -0.0490835
-0.01407166 -0.01560478 -0.05610248
-0.02841483 -0.04255152 -0.03848267
-0.02504768 -0.04436722 -0.04260072
-0.0260923 -0.04210056 -0.03951088
-0.01146204 -0.01191894 -0.06662399
-0.01805199 -0.04146045 -0.04673037
-0.01298865 -0.04187795 -0.05032071
-0.007113007 -0.04227746 -0.05313134
-0.009143366 -0.06232608 -0.05021989
-0.008718427 -0.05438973 -0.05524802
-0.008333231 -0.05022392 -0.05549636
-0.007848203 -0.04695245 -0.05361688
-0.007305468 -0.04471409 -0.05240878
-0.01868129 -0.04368115 -0.04621598
-0.01957833 -0.04437952 -0.04724443
-0.02091864 -0.0460747 -0.04817972
-0.02206459 -0.0486344 -0.04709652
-0.02716978 -0.03066099 -0.04722136
-0.0721856 -0.00989466 0.02745682
0.0002253624 -0.01785093 -0.06479684
-0.02212646 -0.04342226 -0.04227689
-0.02349614 -0.04355384 -0.04277942
-0.008105878 -0.01978926 -0.05838984
-0.01856847 -0.01749633 -0.05147958
-0.009147538 -0.01828363 -0.05840355
-0.02420437 0.005798327 -0.04365057
-0.03369563 0.001616776 -0.0417513
-0.02131948 -0.009792155 -0.05390912
-0.0480424 0.07340395 -0.0266957
-0.04357098 0.06295466 -0.03594038
-0.03947711 0.05178415 -0.04367074
-0.02454131 -0.05449869 -0.0429675
-0.01387428 0.049417 -0.05337647
-0.01545278 0.0648977 -0.04946738
-0.01766179 0.08023626 -0.04514283
-0.04180772 0.02100771 -0.03351894
-0.05555748 0.0147244 -0.02394024
-0.01735135 0.02353302 -0.03715697
-0.04956678 0.03126712 -0.03020319
-0.01351013 0.01357731 -0.0483655
-0.01522422 -0.007890338 -0.06621411
-0.06236394 0.0100695 -0.01671904
-0.0512262 0.01024274 -0.02979594
-0.043493 0.007919267 -0.03585747
-0.03239555 0.008737976 -0.03896669
-0.02420224 0.01130771 -0.04042691
-0.01803993 0.01429303 -0.04222
-0.00532176 0.02216895 -0.05546927
-0.06199764 -0.004102668 -0.01863918
-0.05430248 0.03283458 -0.02716419
-0.002770028 -0.01551273 -0.07308739
-0.01774569 0.002929348 -0.04891297
-0.07248143 0.02439121 0.02272609
-0.01343202 0.01773819 -0.04327849
-0.02218254 -0.01045457 -0.04724637
-0.04704483 0.02666657 -0.02836263
-0.01564447 -0.003667807 -0.06356013
-0.07001527 -0.02821741 0.02421322
-0.01767617 0.0258879 -0.03551638
-0.01020162 1.160428E-05 -0.06994605
-0.04984424 -0.06035811 -0.0163703
-0.04966923 -0.0706292 -0.005488098
-0.06952228 -0.007466158 0.004309058
-0.05796539 -0.05139575 -0.008318126
-0.06445083 0.03728764 -0.005209029
-0.0242384 -0.08272024 -0.0382368
-0.002195995 -0.01758887 -0.06430939
-0.02331125 -0.001762437 -0.04651093
-0.06157568 0.02284223 -0.01451182
-0.03633423 0.02390538 -0.03572434
-0.03105537 0.02353539 -0.03739411
-0.02659824 -0.0457326 -0.04151252
-0.06189417 -0.01851176 -0.01653019
-0.01319141 -0.09306476 -0.03728488
-0.03158109 -0.08530702 -0.02364305
-0.03980955 -0.07940806 -0.01562917
0.0003288817 0.06454645 -0.0511139
-0.0007580454 -0.0940301 -0.03928038
-0.02615552 0.02396438 -0.03771436
-0.02167777 0.02496013 -0.03685242
-0.01893748 0.02547156 -0.03560212
-0.05875992 0.03481177 -0.02060544
-0.02271521 0.02946317 -0.03780407
-0.02771065 0.03065579 -0.03892908
-0.03273664 0.03082229 -0.03855595
-0.03796568 0.02994764 -0.03692254
-0.04139847 0.0286237 -0.03481019
-0.06983798 0.04153772 0.01244652
-0.04009089 0.02470904 -0.03361523
-2.737157E-06 -0.02508795 -0.05867961
-0.02144748 -0.02681509 -0.05144021
-0.01532081 -0.01317122 -0.05992594
-0.008861314 -0.02524049 -0.05794823
0.0002539447 0.03195482 -0.05310485
-0.04121113 -0.06954379 -0.02297255
-0.03292445 -0.0763944 -0.0301708
-0.01346584 -0.08655137 -0.04504108
-0.0579275 -0.06092698 0.006428361
-0.01923627 0.02742728 -0.03651166
-0.009327273 0.01173948 -0.05754918
-0.0007070461 -0.08765315 -0.04674503
-0.02300041 -0.08993465 -0.03186575
-0.06789014 -0.02368931 0.003141016
-0.01341181 -0.04422388 -0.0496583
-0.0143413 -0.04578581 -0.05087641
-0.01523651 -0.04839338 -0.05216295
-0.01595848 -0.05221351 -0.05155268
-0.0177113 -0.05901156 -0.04734847
-0.02388872 -0.04197804 -0.04328662
-0.02568614 -0.04133576 -0.0432111
-0.02735462 -0.04016383 -0.04324764
-0.03240396 -0.03585616 -0.04214385
-0.05345847 -0.02113597 -0.02968106
-0.009265336 0.01827444 -0.05143374
-0.01271289 0.03037604 -0.03999728
-0.01650423 0.02915774 -0.03768584
-0.02244665 -0.04127221 -0.04259819
-0.05523933 -0.03928001 -0.0201309
-0.007382838 0.03077041 -0.04855224
-0.02060362 -0.06647098 -0.04426911
0.0002578422 0.009938443 -0.06964898
-0.005041799 0.01514352 -0.06215453
0.0002933014 0.01655578 -0.06365222
-0.01389172 0.001647782 -0.05763522
-0.0006539328 -0.07972717 -0.05024499
-0.0006326446 -0.07074583 -0.05041668
-0.01088025 -0.07022878 -0.04883397
-0.03497863 -0.05305732 -0.03549984
-0.02704418 -0.0157194 -0.04562387
-0.02835343 -0.0608278 -0.03952047
-0.03989025 -0.01465127 -0.04250234
-0.03255914 -0.02231939 -0.04395977
-0.04561588 -0.02569444 -0.03707305
-0.01273052 -0.07885826 -0.0483498
-0.01795982 -0.001958847 -0.0529063
-0.03961301 -0.05983927 -0.029827
-0.03142997 -0.06798737 -0.03485712
-0.04010892 -0.04381759 -0.03460675
-0.06095679 -0.03109369 -0.01434588
-0.04720786 -0.04596557 -0.02850923
-0.06470635 -0.03863215 0.0003093481
-0.0378024 -0.03072046 -0.04053837
-0.01341098 0.007414727 -0.05286977
-0.01327854 -0.01074541 -0.06788239
-0.01776195 -0.0125076 -0.06056431
-0.01034886 -0.006507238 -0.07236129
-0.01738302 0.03543551 -0.04183337
-0.02669808 0.03847699 -0.04281643
-0.03474977 0.03906513 -0.04225364
-0.04167102 0.03831921 -0.03945971
-0.04677171 0.0359134 -0.0354327
-0.05081224 0.02534013 -0.02572155
-0.06980056 0.008049237 0.003111511
-0.04593121 0.01645643 -0.03095505
-0.03958096 0.01463093 -0.03499687
-0.03178148 0.01465082 -0.03770056
-0.02446616 0.01614175 -0.03890234
-0.0188425 0.01827061 -0.03918228
-0.01493551 0.02037938 -0.03960028
-0.07265661 0.007471332 0.02714923
-0.01793597 -0.01424722 -0.05738318
-0.009289116 0.005929384 -0.06283066
-0.008780519 -0.01111862 -0.07294175
-0.005763691 -0.01444388 -0.07032189
-0.008960605 -0.01222566 -0.06980336
-0.01650607 -0.01637742 -0.05518925
-0.004619127 -0.01503492 -0.07208428
-0.004204993 -0.01698969 -0.06434199
-0.01543439 0.02542087 -0.03653574
-0.01186061 0.02393465 -0.04049078
-0.009908604 0.02281254 -0.04508713
-0.04348928 0.02763654 -0.03259987
-0.04633595 0.03017348 -0.03202021
0.005129207 0.008920051 -0.06742114
0.0428431 0.02589288 -0.03198326
0.005839045 -0.01579446 -0.06444088
0.0646599 0.05418782 -0.001319587
0.024909 0.02041548 -0.03873867
0.03067319 0.01985109 -0.03828606
0.03643534 0.02003627 -0.03652459
0.04482614 0.02349935 -0.03094125
0.02026955 0.02203171 -0.03800246
0.0332842 0.03535195 -0.0407421
0.02708749 0.0350718 -0.04071063
0.03921607 0.03456906 -0.03857797
0.04325627 0.03261001 -0.03600386
0.04915377 0.01931041 -0.02777904
0.02175053 -0.07457117 -0.04196322
0.04527995 0.02732013 -0.02982748
0.0676492 0.02320616 0.0008500218
0.05598524 0.02399655 -0.02124977
0.03002788 -0.007050632 -0.04539269
0.00781471 -0.03411673 -0.05901983
0.006799887 -0.04141804 -0.055868
0.0161365 -0.03588007 -0.05488339
0.02142575 -0.03832866 -0.04939064
0.01291918 -0.0414186 -0.05287591
0.01774607 -0.04201421 -0.04783875
0.02863164 -0.049638 -0.03901678
0.004928577 -0.01210189 -0.07616863
0.00564864 -0.005648581 -0.07797807
0.05189924 0.04075146 -0.03400555
0.01790416 0.009448111 -0.04608762
0.01950735 -0.0103684 -0.05995414
0.01990902 -0.006891893 -0.05780327
0.04725612 -0.006001526 -0.03661668
0.005415401 0.002234321 -0.07387912
0.03798721 0.04667284 -0.04509705
0.04614991 0.04492579 -0.0400719
0.05822824 0.06538337 -0.01388165
0.01270346 0.04106753 -0.05104116
0.02177823 0.03335579 -0.03884134
0.03366026 -0.04257618 -0.03724194
0.06258249 -0.04682016 0.017041
0.01543138 -0.01428994 -0.05764797
0.01034024 -0.01664967 -0.05828649
0.02817103 -0.04286399 -0.03753015
0.0251437 -0.04248569 -0.03925315
0.04944089 0.04987059 -0.03685236
0.02003369 -0.01319141 -0.05642799
0.02713226 0.04590666 -0.04894054
0.02805178 0.05150305 -0.0502775
0.03353589 0.07833232 -0.03855681
0.05345769 0.05760201 -0.0268589
0.03016238 0.06519584 -0.04476646
0.0555783 0.04434605 -0.02849534
0.05986052 0.04866031 -0.0157564
0.007431394 -0.0383325 -0.05814639
0.01436314 -0.03928278 -0.05410948
0.01953296 -0.04024153 -0.04910782
0.01402955 -0.0155832 -0.0563637
0.02665818 -0.04270092 -0.03846228
0.02332065 -0.04450619 -0.04262826
0.02424975 -0.04227374 -0.03945237
0.01158632 -0.01191233 -0.06667158
0.01653372 -0.0415872 -0.04668039
0.01173266 -0.04192928 -0.05024633
0.00605793 -0.04230233 -0.05306613
0.007811162 -0.06234344 -0.05028111
0.007398824 -0.05444937 -0.05521041
0.007084322 -0.05030319 -0.05541393
0.006713321 -0.04701062 -0.05353305
0.006179023 -0.04474021 -0.05230692
0.01714103 -0.04378224 -0.04619047
0.01802039 -0.04447878 -0.04726765
0.01928754 -0.04619091 -0.04823545
0.02046327 -0.04874948 -0.04716581
0.02627931 -0.03083577 -0.04743484
0.07019448 -0.0100388 0.0268577
0.02041996 -0.04355834 -0.04218367
0.02180901 -0.04370317 -0.04277867
0.008185948 -0.01980129 -0.0585081
0.01833554 -0.0174996 -0.05180857
0.00922404 -0.01826703 -0.0586051
0.02411892 0.00575264 -0.04373562
0.03349726 0.001520015 -0.04182264
0.02113002 -0.009851271 -0.0541566
0.04820081 0.07352006 -0.02701408
0.04403538 0.06337067 -0.03626105
0.04007155 0.05244564 -0.04388756
0.02293582 -0.05461992 -0.04298908
0.01447341 0.04968417 -0.05349398
0.01608633 0.06500715 -0.04962948
0.01811944 0.08027869 -0.04531872
0.0416611 0.02118462 -0.03366369
0.05523865 0.01464734 -0.02423424
0.01745391 0.02368786 -0.0371241
0.04961084 0.03160808 -0.0304243
0.01369807 0.01364369 -0.04838958
0.01537212 -0.007919354 -0.06638986
0.06173389 0.009957744 -0.01701242
0.05095374 0.01010693 -0.02999502
0.04325443 0.007773506 -0.03598204
0.03224636 0.008694578 -0.03900117
0.02415607 0.01131093 -0.04046589
0.01804846 0.01434931 -0.04227349
0.005824122 0.02221176 -0.05546051
0.06119823 -0.004341261 -0.0189141
0.05421848 0.03315992 -0.02741832
0.003025326 -0.0155159 -0.07307944
0.01778202 0.002907433 -0.04908043
0.07115383 0.02431908 0.02224219
0.01362097 0.01783002 -0.04327741
0.02202415 -0.01054204 -0.04750153
0.04707764 0.0270079 -0.02853587
0.01572749 -0.003721559 -0.0637652
0.0676722 -0.02826639 0.02362734
0.01778207 0.02610968 -0.03547519
0.01049681 -1.231208E-06 -0.07002762
0.04781972 -0.06016816 -0.01679048
0.04719858 -0.0702733 -0.005904496
0.06826773 -0.007622672 0.003815889
0.05586458 -0.05127021 -0.008770794
0.06396335 0.03732739 -0.005607814
0.02267359 -0.08260121 -0.03840545
0.002617016 -0.0175799 -0.06434214
0.02316504 -0.00184319 -0.04666719
0.06110921 0.02289092 -0.01485944
0.03634764 0.02408651 -0.03584254
0.03100264 0.02365322 -0.03742334
0.02487938 -0.04587661 -0.04155031
0.06073665 -0.01863448 -0.01685423
0.01162933 -0.09299811 -0.03733748
0.02970928 -0.08499739 -0.02383035
0.0376547 -0.07904626 -0.0158954
0.02608646 0.02405463 -0.03773454
0.02165726 0.02507655 -0.03680077
0.01902603 0.02563447 -0.03553361
0.05856021 0.03503992 -0.02087235
0.02263889 0.02980532 -0.03779799
0.02750127 0.03103079 -0.03898975
0.03263764 0.03127307 -0.03864455
0.03794906 0.03041341 -0.03706914
0.04141698 0.02902229 -0.03498054
0.06899328 0.04145646 0.01200083
0.04013352 0.02495534 -0.03376716
0.02085978 -0.02691813 -0.05166692
0.01534364 -0.01320213 -0.06019473
0.008681892 -0.02527677 -0.05803815
0.03930566 -0.0693398 -0.02334329
0.03115572 -0.07616477 -0.03043535
0.01202392 -0.08650991 -0.04512578
0.05532692 -0.06068038 0.006018013
0.01931478 0.02768398 -0.03643742
0.009729962 0.0117621 -0.05761296
0.02135248 -0.08976424 -0.03194457
0.06619075 -0.02376102 0.002656847
0.01210037 -0.04426716 -0.04959044
0.01300193 -0.04586887 -0.05083784
0.01383454 -0.04845849 -0.05210477
0.01453792 -0.05230988 -0.0515039
0.01620376 -0.0590632 -0.04730409
0.02217826 -0.04210636 -0.04328018
0.0240677 -0.04147407 -0.04319364
0.02576391 -0.04031986 -0.04325804
0.03111647 -0.03604315 -0.04225588
0.05240064 -0.02127848 -0.02991024
0.009652103 0.01834046 -0.05142227
0.01304078 0.03060261 -0.04008871
0.01669217 0.02941223 -0.03762248
0.02067999 -0.04142822 -0.04251552
0.0536365 -0.03934438 -0.02051365
0.00779819 0.03087881 -0.04858422
0.01905313 -0.066464 -0.04437014
0.005545237 0.01515795 -0.06219515
0.01406165 0.001642294 -0.05783433
0.009516838 -0.07022542 -0.04894397
0.03335635 -0.0531782 -0.03568849
0.02663773 -0.01579652 -0.04587197
0.02670545 -0.06087909 -0.03969085
0.0392777 -0.01476446 -0.04267776
0.03185483 -0.02245719 -0.04419979
0.04458477 -0.02583169 -0.03730324
0.01136244 -0.07886617 -0.04841352
0.01793677 -0.002023663 -0.0531612
0.03796119 -0.0598449 -0.03010574
0.02981288 -0.06791799 -0.03510273
0.03860164 -0.04399849 -0.03472644
0.05938452 -0.03116754 -0.01474699
0.04557824 -0.04604635 -0.02881929
0.06272954 -0.03862617 -0.0001319647
0.03661128 -0.03091437 -0.04074889
0.01361998 0.007438026 -0.05296937
0.01337989 -0.01075466 -0.06798607
0.01771753 -0.01255255 -0.06082484
0.01068335 -0.006509876 -0.07246327
0.01771028 0.03575774 -0.04192629
0.02707259 0.03890235 -0.04296851
0.03514534 0.03953534 -0.04237247
0.04204394 0.03878909 -0.03961632
0.04702058 0.03636841 -0.03564045
0.05071632 0.0255352 -0.02598301
0.06880144 0.007960612 0.002699882
0.04576233 0.01647484 -0.03112176
0.03940884 0.01462694 -0.03510985
0.03160924 0.01466023 -0.03775069
0.02432989 0.01620788 -0.03893369
0.01880122 0.01835684 -0.03924015
0.01503975 0.02051885 -0.03961846
0.07099529 0.007373998 0.02669474
0.01780552 -0.01427157 -0.05764073
0.009705844 0.005928574 -0.06288946
0.009038615 -0.01109783 -0.07303241
0.005894241 -0.0143794 -0.0704166
0.009118265 -0.01218469 -0.06988731
0.01631756 -0.01636587 -0.05548063
0.004816369 -0.01498414 -0.07215291
0.004501068 -0.01695886 -0.0644128
0.01565182 0.0256134 -0.03653345
0.01209367 0.02407804 -0.04050285
0.01019807 0.0229186 -0.04509154
0.04353869 0.02802939 -0.03279576
0.04642505 0.03055882 -0.0322631
