173
133
155
246
7
33
382
362
398
263
249
466
308
324
415
78
191
95
356
264
389
127
162
34
368
389
264
139
34
162
267
302
0
37
0
72
11
0
302
11
72
0
349
350
451
120
231
121
452
451
350
232
121
231
267
269
302
37
72
39
303
302
269
73
39
72
357
350
343
128
114
121
277
343
350
47
121
114
350
357
452
121
232
128
453
452
357
233
128
232
299
297
333
69
104
67
332
333
297
103
67
104
175
396
152
175
152
171
377
152
396
148
171
152
381
382
384
154
157
155
398
384
382
173
155
157
280
330
347
50
118
101
348
347
330
119
101
118
269
270
303
39
73
40
304
303
270
74
40
73
9
151
336
9
107
151
337
336
151
108
151
107
344
360
278
115
48
131
279
278
360
49
131
48
262
418
431
32
211
194
424
431
418
204
194
211
304
270
408
74
184
40
409
408
270
185
40
184
272
407
310
42
80
183
415
310
407
191
183
80
322
410
270
92
40
186
409
270
410
185
186
40
347
348
449
118
229
119
450
449
348
230
119
229
434
430
432
214
212
210
422
432
430
202
210
212
313
18
314
83
84
18
17
314
18
17
18
84
307
306
375
77
146
76
291
375
306
61
76
146
259
260
387
29
160
30
388
387
260
161
30
160
286
384
414
56
190
157
398
414
384
173
157
190
418
406
424
194
204
182
335
424
406
106
182
204
367
364
416
138
192
135
434
416
364
214
135
192
391
327
423
165
203
98
358
423
327
129
98
203
298
284
301
68
71
54
251
301
284
21
54
71
4
5
275
4
45
5
281
275
5
51
5
45
254
253
373
24
144
23
374
373
253
145
23
144
320
307
321
90
91
77
375
321
307
146
77
91
280
411
425
50
205
187
427
425
411
207
187
205
421
200
313
201
83
200
18
313
200
18
200
83
335
406
321
106
91
182
405
321
406
181
182
91
405
404
321
181
91
180
320
321
404
90
180
91
17
16
314
17
84
16
315
314
16
85
16
84
425
426
266
205
36
206
423
266
426
203
206
36
369
400
396
140
171
176
377
396
400
148
176
171
391
322
269
165
39
92
270
269
322
40
92
39
417
413
465
193
245
189
464
465
413
244
189
245
257
386
258
27
28
159
385
258
386
158
159
28
260
467
388
30
161
247
466
388
467
246
247
161
248
419
456
3
236
196
399
456
419
174
196
236
333
332
298
104
68
103
284
298
332
54
103
68
285
417
8
55
8
193
168
8
417
168
193
8
340
346
261
111
31
117
448
261
346
228
117
31
285
441
417
55
193
221
413
417
441
189
221
193
327
326
460
98
240
97
328
460
326
99
97
240
277
329
355
47
126
100
371
355
329
142
100
126
309
438
392
79
166
218
439
392
438
219
218
166
381
256
382
154
155
26
341
382
256
112
26
155
360
420
279
131
49
198
429
279
420
209
198
49
365
379
364
136
135
150
394
364
379
169
150
135
355
437
277
126
47
217
343
277
437
114
217
47
443
282
444
223
224
52
283
444
282
53
52
224
281
363
275
51
45
134
440
275
363
220
134
45
431
395
262
211
32
170
369
262
395
140
170
32
337
338
299
108
69
109
297
299
338
67
109
69
335
321
273
106
43
91
375
273
321
146
91
43
348
349
450
119
230
120
451
450
349
231
120
230
467
342
359
247
130
113
446
359
342
226
113
130
282
334
283
52
53
105
293
283
334
63
105
53
250
462
458
20
238
242
461
458
462
241
242
238
276
300
353
46
124
70
383
353
300
156
70
124
325
324
292
96
62
95
308
292
324
78
95
62
283
293
276
53
46
63
300
276
293
70
63
46
447
345
264
227
34
116
372
264
345
143
116
34
352
346
345
123
116
117
340
345
346
111
117
116
1
274
19
1
19
44
354
19
274
125
44
19
248
456
281
3
51
236
363
281
456
134
236
51
425
427
426
205
206
207
436
426
427
216
207
206
380
252
381
153
154
22
256
381
252
26
22
154
391
269
393
165
167
39
267
393
269
37
39
167
199
200
428
199
208
200
421
428
200
201
200
208
330
266
329
101
100
36
371
329
266
142
36
100
422
273
432
202
212
43
287
432
273
57
43
212
290
328
250
60
20
99
462
250
328
242
99
20
258
385
286
28
56
158
384
286
385
157
158
56
342
353
446
113
226
124
265
446
353
35
124
226
257
259
386
27
159
29
387
386
259
160
29
159
430
431
422
210
202
211
424
422
431
204
211
202
445
276
342
225
113
46
353
342
276
124
46
113
424
335
422
204
202
106
273
422
335
43
106
202
306
307
292
76
62
77
325
292
307
96
77
62
366
352
447
137
227
123
345
447
352
116
123
227
302
303
268
72
38
73
271
268
303
41
73
38
371
266
358
142
129
36
423
358
266
203
36
129
327
460
294
98
64
240
455
294
460
235
240
64
294
278
331
64
102
48
279
331
278
49
48
102
303
304
271
73
41
74
272
271
304
42
74
41
427
434
436
207
216
214
432
436
434
212
214
216
304
408
272
74
42
184
407
272
408
183
184
42
394
395
430
169
210
170
431
430
395
211
170
210
395
378
369
170
140
149
400
369
378
176
149
140
296
299
334
66
105
69
333
334
299
104
69
105
417
351
168
193
168
122
6
168
351
6
122
168
280
352
411
50
187
123
376
411
352
147
123
187
319
325
320
89
90
96
307
320
325
77
96
90
285
336
295
55
65
107
296
295
336
66
107
65
404
403
320
180
90
179
319
320
403
89
179
90
330
329
348
101
119
100
349
348
329
120
100
119
334
333
293
105
63
104
298
293
333
68
104
63
323
366
454
93
234
137
447
454
366
227
137
234
16
15
315
16
85
15
316
315
15
86
15
85
429
358
279
209
49
129
331
279
358
102
129
49
15
14
316
15
86
14
317
316
14
87
14
86
8
9
285
8
55
9
336
285
9
107
9
55
329
277
349
100
120
47
350
349
277
121
47
120
252
380
253
22
23
153
374
253
380
145
153
23
402
318
403
178
179
88
319
403
318
89
88
179
351
419
6
122
6
196
197
6
419
197
196
6
324
325
318
95
88
96
319
318
325
89
96
88
397
365
367
172
138
136
364
367
365
135
136
138
288
397
435
58
215
172
367
435
397
138
172
215
438
344
439
218
219
115
278
439
344
48
115
219
271
272
311
41
81
42
310
311
272
80
42
81
5
195
281
5
51
195
248
281
195
3
195
51
273
375
287
43
57
146
291
287
375
61
146
57
396
175
428
171
208
175
199
428
175
199
175
208
268
271
312
38
82
41
311
312
271
81
41
82
444
283
445
224
225
53
276
445
283
46
53
225
254
373
339
24
110
144
390
339
373
163
144
110
295
296
282
65
52
66
334
282
296
105
66
52
346
347
448
117
228
118
449
448
347
229
118
228
454
447
356
234
127
227
264
356
447
34
227
127
336
337
296
107
66
108
299
296
337
69
108
66
151
10
337
151
108
10
338
337
10
109
10
108
278
294
439
48
219
64
455
439
294
235
64
219
407
292
415
183
191
62
308
415
292
78
62
191
358
429
371
129
142
209
355
371
429
126
209
142
345
340
372
116
143
111
265
372
340
35
111
143
388
466
390
161
163
246
249
390
466
7
246
163
352
280
346
123
117
50
347
346
280
118
50
117
295
282
442
65
222
52
443
442
282
223
52
222
19
354
94
19
94
125
370
94
354
141
125
94
295
442
285
65
55
222
441
285
442
221
222
55
419
248
197
196
197
3
195
197
248
195
3
197
359
255
263
130
33
25
249
263
255
7
25
33
275
440
274
45
44
220
457
274
440
237
220
44
300
301
383
70
156
71
368
383
301
139
71
156
417
465
351
193
122
245
412
351
465
188
245
122
466
467
263
246
33
247
359
263
467
130
247
33
389
368
251
162
21
139
301
251
368
71
139
21
374
380
386
145
159
153
385
386
380
158
153
159
379
378
394
150
169
149
395
394
378
170
149
169
351
412
419
122
196
188
399
419
412
174
188
196
426
436
322
206
92
216
410
322
436
186
216
92
387
388
373
160
144
161
390
373
388
163
161
144
393
164
326
167
97
164
2
326
164
2
164
97
354
461
370
125
141
241
462
370
461
242
241
141
0
164
267
0
37
164
393
267
164
167
164
37
11
302
12
11
12
72
268
12
302
38
72
12
386
387
374
159
145
160
373
374
387
144
160
145
12
268
13
12
13
38
312
13
268
82
38
13
293
298
300
63
70
68
301
300
298
71
68
70
340
261
265
111
35
31
446
265
261
226
31
35
380
381
385
153
158
154
384
385
381
157
154
158
280
425
330
50
101
205
266
330
425
36
205
101
423
426
391
203
165
206
322
391
426
92
206
165
429
420
355
209
126
198
437
355
420
217
198
126
391
393
327
165
98
167
326
327
393
97
167
98
457
440
438
237
218
220
344
438
440
115
220
218
382
341
362
155
133
112
463
362
341
243
112
133
457
459
461
237
241
239
458
461
459
238
239
241
434
364
430
214
210
135
394
430
364
169
135
210
414
398
463
190
243
173
362
463
398
133
173
243
262
369
428
32
208
140
396
428
369
171
140
208
457
461
274
237
44
241
354
274
461
125
241
44
316
317
403
86
179
87
402
403
317
178
87
179
315
316
404
85
180
86
403
404
316
179
86
180
314
315
405
84
181
85
404
405
315
180
85
181
313
314
406
83
182
84
405
406
314
181
84
182
418
421
406
194
182
201
313
406
421
83
201
182
366
323
401
137
177
93
361
401
323
132
93
177
408
306
407
184
183
76
292
407
306
62
76
183
408
409
306
184
76
185
291
306
409
61
185
76
410
287
409
186
185
57
291
409
287
61
57
185
436
432
410
216
186
212
287
410
432
57
212
186
434
427
416
214
192
207
411
416
427
187
207
192
264
372
368
34
139
143
383
368
372
156
143
139
457
438
459
237
239
218
309
459
438
79
218
239
352
366
376
123
147
137
401
376
366
177
137
147
4
275
1
4
1
45
274
1
275
44
45
1
428
421
262
208
32
201
418
262
421
194
201
32
327
294
358
98
129
64
331
358
294
102
64
129
367
416
435
138
215
192
433
435
416
213
192
215
455
289
439
235
219
59
392
439
289
166
59
219
328
326
462
99
242
97
370
462
326
141
97
242
326
2
370
97
141
2
94
370
2
94
2
141
460
305
455
240
235
75
289
455
305
59
75
235
448
449
339
228
110
229
254
339
449
24
229
110
261
255
446
31
226
25
359
446
255
130
25
226
449
450
254
229
24
230
253
254
450
23
230
24
450
451
253
230
23
231
252
253
451
22
231
23
451
452
252
231
22
232
256
252
452
26
232
22
256
452
341
26
112
232
453
341
452
233
232
112
413
414
464
189
244
190
463
464
414
243
190
244
441
286
413
221
189
56
414
413
286
190
56
189
441
442
286
221
56
222
258
286
442
28
222
56
442
443
258
222
28
223
257
258
443
27
223
28
444
259
443
224
223
29
257
443
259
27
29
223
259
444
260
29
30
224
445
260
444
225
224
30
260
445
467
30
247
225
342
467
445
113
225
247
250
458
309
20
79
238
459
309
458
239
238
79
290
392
305
60
75
166
289
305
392
59
166
75
460
328
305
240
75
99
290
305
328
60
99
75
376
401
433
147
213
177
435
433
401
215
177
213
250
309
290
20
60
79
392
290
309
166
79
60
411
376
416
187
192
147
433
416
376
213
147
192
341
453
463
112
243
233
464
463
453
244
233
243
453
357
464
233
244
128
465
464
357
245
128
244
412
465
343
188
114
245
357
343
465
128
245
114
437
399
343
217
114
174
412
343
399
188
174
114
363
360
440
134
220
131
344
440
360
115
131
220
456
399
420
236
198
174
437
420
399
217
174
198
456
420
363
236
134
198
360
363
420
131
198
134
361
288
401
132
177
58
435
401
288
215
58
177
353
383
265
124
35
156
372
265
383
143
156
35
255
339
249
25
7
110
390
249
339
163
110
7
261
448
255
31
25
228
339
255
448
110
228
25
14
13
317
14
87
13
312
317
13
82
13
87
317
312
402
87
178
82
311
402
312
81
82
178
402
311
318
178
88
81
310
318
311
80
81
88
318
310
324
88
95
80
415
324
310
191
80
95
